<<<<<<< HEAD
version https://git-lfs.github.com/spec/v1
oid sha256:2accbc9ca4f1401b66618a5082dc200c482575b24a24060809aacc712960c4d4
size 107812
=======
DATE,PRICE
2006-01-01,485.0
2006-01-02,485.0
2006-01-03,485.0
2006-01-04,485.0
2006-01-05,485.0
2006-01-06,485.0
2006-01-07,485.0
2006-01-08,485.0
2006-01-09,485.0
2006-01-10,485.0
2006-01-11,485.0
2006-01-12,485.0
2006-01-13,485.0
2006-01-14,485.0
2006-01-15,485.0
2006-01-16,485.0
2006-01-17,485.0
2006-01-18,485.0
2006-01-19,485.0
2006-01-20,485.0
2006-01-21,485.0
2006-01-22,485.0
2006-01-23,485.0
2006-01-24,485.0
2006-01-25,485.0
2006-01-26,485.0
2006-01-27,485.0
2006-01-28,485.0
2006-01-29,485.0
2006-01-30,485.0
2006-01-31,485.0
2006-02-01,485.0
2006-02-02,485.0
2006-02-03,485.0
2006-02-04,485.0
2006-02-05,485.0
2006-02-06,485.0
2006-02-07,485.0
2006-02-08,485.0
2006-02-09,485.0
2006-02-10,485.0
2006-02-11,485.0
2006-02-12,485.0
2006-02-13,485.0
2006-02-14,485.0
2006-02-15,485.0
2006-02-16,485.0
2006-02-17,485.0
2006-02-18,485.0
2006-02-19,485.0
2006-02-20,485.0
2006-02-21,485.0
2006-02-22,485.0
2006-02-23,485.0
2006-02-24,485.0
2006-02-25,485.0
2006-02-26,485.0
2006-02-27,485.0
2006-02-28,485.0
2006-03-01,485.0
2006-03-02,485.0
2006-03-03,485.0
2006-03-04,485.0
2006-03-05,485.0
2006-03-06,485.0
2006-03-07,485.0
2006-03-08,485.0
2006-03-09,485.0
2006-03-10,485.0
2006-03-11,485.0
2006-03-12,485.0
2006-03-13,485.0
2006-03-14,485.0
2006-03-15,485.0
2006-03-16,485.0
2006-03-17,485.0
2006-03-18,485.0
2006-03-19,485.0
2006-03-20,485.0
2006-03-21,485.0
2006-03-22,485.0
2006-03-23,485.0
2006-03-24,485.0
2006-03-25,485.0
2006-03-26,485.0
2006-03-27,485.0
2006-03-28,485.0
2006-03-29,485.0
2006-03-30,485.0
2006-03-31,485.0
2006-04-01,485.0
2006-04-02,485.0
2006-04-03,485.0
2006-04-04,485.0
2006-04-05,485.0
2006-04-06,485.0
2006-04-07,485.0
2006-04-08,485.0
2006-04-09,485.0
2006-04-10,485.0
2006-04-11,485.0
2006-04-12,485.0
2006-04-13,485.0
2006-04-14,485.0
2006-04-15,485.0
2006-04-16,485.0
2006-04-17,485.0
2006-04-18,485.0
2006-04-19,485.0
2006-04-20,485.0
2006-04-21,485.0
2006-04-22,485.0
2006-04-23,485.0
2006-04-24,485.0
2006-04-25,485.0
2006-04-26,485.0
2006-04-27,485.0
2006-04-28,485.0
2006-04-29,485.0
2006-04-30,485.0
2006-05-01,485.0
2006-05-02,485.0
2006-05-03,485.0
2006-05-04,485.0
2006-05-05,485.0
2006-05-06,485.0
2006-05-07,485.0
2006-05-08,485.0
2006-05-09,485.0
2006-05-10,485.0
2006-05-11,485.0
2006-05-12,485.0
2006-05-13,485.0
2006-05-14,485.0
2006-05-15,485.0
2006-05-16,485.0
2006-05-17,485.0
2006-05-18,485.0
2006-05-19,485.0
2006-05-20,485.0
2006-05-21,485.0
2006-05-22,485.0
2006-05-23,485.0
2006-05-24,485.0
2006-05-25,485.0
2006-05-26,485.0
2006-05-27,485.0
2006-05-28,485.0
2006-05-29,485.0
2006-05-30,485.0
2006-05-31,485.0
2006-06-01,485.0
2006-06-02,450.0
2006-06-03,500.0
2006-06-04,450.0
2006-06-05,500.0
2006-06-06,500.0
2006-06-07,500.0
2006-06-08,500.0
2006-06-09,500.0
2006-06-10,500.0
2006-06-11,450.0
2006-06-12,460.0
2006-06-13,460.0
2006-06-14,460.0
2006-06-15,460.0
2006-06-16,460.0
2006-06-17,460.0
2006-06-18,460.0
2006-06-19,470.0
2006-06-20,470.0
2006-06-21,470.0
2006-06-22,470.0
2006-06-23,470.0
2006-06-24,470.0
2006-06-25,470.0
2006-06-26,470.0
2006-06-27,475.0
2006-06-28,475.0
2006-06-29,475.0
2006-06-30,475.0
2006-07-01,475.0
2006-07-02,475.0
2006-07-03,475.0
2006-07-04,475.0
2006-07-05,475.0
2006-07-06,475.0
2006-07-07,475.0
2006-07-08,550.0
2006-07-09,560.0
2006-07-10,560.0
2006-07-11,560.0
2006-07-12,560.0
2006-07-13,560.0
2006-07-14,560.0
2006-07-15,560.0
2006-07-16,560.0
2006-07-17,565.0
2006-07-18,565.0
2006-07-19,565.0
2006-07-20,565.0
2006-07-21,570.0
2006-07-22,570.0
2006-07-23,570.0
2006-07-24,570.0
2006-07-25,575.0
2006-07-26,575.0
2006-07-27,575.0
2006-07-28,575.0
2006-07-29,575.0
2006-07-30,575.0
2006-07-31,575.0
2006-08-01,580.0
2006-08-02,580.0
2006-08-03,580.0
2006-08-04,580.0
2006-08-05,580.0
2006-08-06,585.0
2006-08-07,585.0
2006-08-08,590.0
2006-08-09,590.0
2006-08-10,590.0
2006-08-11,590.0
2006-08-12,590.0
2006-08-13,590.0
2006-08-14,590.0
2006-08-15,590.0
2006-08-16,590.0
2006-08-17,590.0
2006-08-18,585.0
2006-08-19,585.0
2006-08-20,585.0
2006-08-21,585.0
2006-08-22,585.0
2006-08-23,585.0
2006-08-24,585.0
2006-08-25,585.0
2006-08-26,585.0
2006-08-27,585.0
2006-08-28,585.0
2006-08-29,580.0
2006-08-30,581.1111086419643
2006-08-31,583.7037048011007
2006-09-01,585.0
2006-09-02,585.0
2006-09-03,580.0
2006-09-04,580.0
2006-09-05,580.0
2006-09-06,585.0
2006-09-07,585.0
2006-09-08,585.0
2006-09-09,590.0
2006-09-10,590.0
2006-09-11,590.0
2006-09-12,590.0
2006-09-13,590.0
2006-09-14,595.0
2006-09-15,600.0
2006-09-16,600.0
2006-09-17,600.0
2006-09-18,625.0
2006-09-19,625.0
2006-09-20,630.0
2006-09-21,630.0
2006-09-22,630.0
2006-09-23,630.0
2006-09-24,630.0
2006-09-25,630.0
2006-09-26,700.0
2006-09-27,700.0
2006-09-28,700.0
2006-09-29,700.0
2006-09-30,700.0
2006-10-01,850.0
2006-10-02,800.0
2006-10-03,800.0
2006-10-04,750.0
2006-10-05,750.0
2006-10-06,725.0
2006-10-07,725.0
2006-10-08,725.0
2006-10-09,725.0
2006-10-10,725.0
2006-10-11,725.0
2006-10-12,725.0
2006-10-13,715.0
2006-10-14,715.0
2006-10-15,715.0
2006-10-16,715.0
2006-10-17,715.0
2006-10-18,715.0
2006-10-19,715.0
2006-10-20,710.0
2006-10-21,710.0
2006-10-22,710.0
2006-10-23,710.0
2006-10-24,710.0
2006-10-25,710.0
2006-10-26,710.0
2006-10-27,750.0
2006-10-28,775.0
2006-10-29,875.0
2006-10-30,900.0
2006-10-31,900.0
2006-11-01,900.0
2006-11-02,915.0
2006-11-03,915.0
2006-11-04,950.0
2006-11-05,950.0
2006-11-06,950.0
2006-11-07,945.0
2006-11-08,940.0
2006-11-09,940.0
2006-11-10,940.0
2006-11-11,940.0
2006-11-12,940.0
2006-11-13,940.0
2006-11-14,940.0
2006-11-15,940.0
2006-11-16,942.555554864197
2006-11-17,947.9629648834048
2006-11-18,950.0
2006-11-19,930.0
2006-11-20,930.0
2006-11-21,900.0
2006-11-22,900.0
2006-11-23,900.0
2006-11-24,900.0
2006-11-25,900.0
2006-11-26,900.0
2006-11-27,900.0
2006-11-28,900.0
2006-11-29,900.0
2006-11-30,700.0
2006-12-01,500.0
2006-12-02,500.0
2006-12-03,500.0
2006-12-04,500.0
2006-12-05,475.0
2006-12-06,475.0
2006-12-07,475.0
2006-12-08,400.0
2006-12-09,400.0
2006-12-10,400.0
2006-12-11,400.0
2006-12-12,380.0
2006-12-13,300.0
2006-12-14,300.0
2006-12-15,290.0
2006-12-16,280.0
2006-12-17,250.0
2006-12-18,260.0
2006-12-19,260.0
2006-12-20,260.0
2006-12-21,250.0
2006-12-22,250.0
2006-12-23,250.0
2006-12-24,250.0
2006-12-25,250.0
2006-12-26,250.0
2006-12-27,200.0
2006-12-28,200.0
2006-12-29,200.0
2006-12-30,200.0
2006-12-31,200.0
2007-01-01,200.0
2007-01-02,200.0
2007-01-03,200.0
2007-01-04,200.0
2007-01-05,200.0
2007-01-06,200.0
2007-01-07,215.0
2007-01-08,215.0
2007-01-09,200.0
2007-01-10,200.0
2007-01-11,200.0
2007-01-12,200.0
2007-01-13,210.0
2007-01-14,210.0
2007-01-15,210.0
2007-01-16,210.0
2007-01-17,210.0
2007-01-18,210.0
2007-01-19,215.0
2007-01-20,215.0
2007-01-21,225.0
2007-01-22,225.0
2007-01-23,225.0
2007-01-24,225.0
2007-01-25,225.0
2007-01-26,230.0
2007-01-27,230.0
2007-01-28,240.0
2007-01-29,240.0
2007-01-30,240.0
2007-01-31,240.0
2007-02-01,240.0
2007-02-02,240.0
2007-02-03,240.0
2007-02-04,240.0
2007-02-05,240.0
2007-02-06,300.0
2007-02-07,300.0
2007-02-08,310.0
2007-02-09,315.0
2007-02-10,335.0
2007-02-11,340.0
2007-02-12,350.0
2007-02-13,350.0
2007-02-14,350.0
2007-02-15,350.0
2007-02-16,360.0
2007-02-17,360.0
2007-02-18,360.0
2007-02-19,360.0
2007-02-20,365.0
2007-02-21,365.0
2007-02-22,365.0
2007-02-23,385.0
2007-02-24,340.0
2007-02-25,340.0
2007-02-26,340.0
2007-02-27,340.0
2007-02-28,340.0
2007-03-01,330.0
2007-03-02,315.0
2007-03-03,315.0
2007-03-04,315.0
2007-03-05,315.0
2007-03-06,315.0
2007-03-07,315.0
2007-03-08,315.0
2007-03-09,325.0
2007-03-10,375.0
2007-03-11,375.0
2007-03-12,375.0
2007-03-13,375.0
2007-03-14,400.0
2007-03-15,400.0
2007-03-16,400.0
2007-03-17,400.0
2007-03-18,430.0
2007-03-19,430.0
2007-03-20,430.0
2007-03-21,430.0
2007-03-22,430.0
2007-03-23,430.0
2007-03-24,430.0
2007-03-25,430.0
2007-03-26,430.0
2007-03-27,450.0
2007-03-28,450.0
2007-03-29,450.0
2007-03-30,450.0
2007-03-31,450.0
2007-04-01,450.0
2007-04-02,450.0
2007-04-03,450.0
2007-04-04,450.0
2007-04-05,450.0
2007-04-06,460.0
2007-04-07,460.0
2007-04-08,460.0
2007-04-09,460.0
2007-04-10,465.0
2007-04-11,468.99999998125
2007-04-12,471.999999975
2007-04-13,473.99999998125
2007-04-14,475.0
2007-04-15,475.0
2007-04-16,481.94444197530424
2007-04-17,493.05555802469576
2007-04-18,500.0
2007-04-19,500.0
2007-04-20,500.0
2007-04-21,500.0
2007-04-22,500.0
2007-04-23,500.0
2007-04-24,500.0
2007-04-25,500.0
2007-04-26,500.0
2007-04-27,500.0
2007-04-28,500.0
2007-04-29,500.0
2007-04-30,500.0
2007-05-01,500.0
2007-05-02,500.0
2007-05-03,500.0
2007-05-04,500.0
2007-05-05,525.0
2007-05-06,525.0
2007-05-07,525.0
2007-05-08,525.0
2007-05-09,525.0
2007-05-10,525.0
2007-05-11,540.0
2007-05-12,540.0
2007-05-13,540.0
2007-05-14,540.0
2007-05-15,550.0
2007-05-16,550.0
2007-05-17,550.0
2007-05-18,550.0
2007-05-19,575.0
2007-05-20,575.0
2007-05-21,575.0
2007-05-22,575.0
2007-05-23,575.0
2007-05-24,575.0
2007-05-25,575.0
2007-05-26,585.0
2007-05-27,585.0
2007-05-28,585.0
2007-05-29,585.0
2007-05-30,585.0
2007-05-31,585.0
2007-06-01,585.0
2007-06-02,585.0
2007-06-03,585.0
2007-06-04,585.0
2007-06-05,600.0
2007-06-06,600.0
2007-06-07,600.0
2007-06-08,600.0
2007-06-09,600.0
2007-06-10,600.0
2007-06-11,610.0
2007-06-12,610.0
2007-06-13,610.0
2007-06-14,610.0
2007-06-15,610.0
2007-06-16,610.0
2007-06-17,625.0
2007-06-18,625.0
2007-06-19,637.5
2007-06-20,650.0
2007-06-21,650.0
2007-06-22,675.0
2007-06-23,675.0
2007-06-24,675.2604156412732
2007-06-25,675.833332161455
2007-06-26,676.6145826009094
2007-06-27,677.5
2007-06-28,678.3854173990906
2007-06-29,679.166667838545
2007-06-30,679.7395843587268
2007-07-01,680.0
2007-07-02,680.0
2007-07-03,680.0
2007-07-04,680.0
2007-07-05,685.5555530864142
2007-07-06,694.4444469135858
2007-07-07,700.0
2007-07-08,700.0
2007-07-09,700.0
2007-07-10,701.799998079997
2007-07-11,705.3999990399984
2007-07-12,709.6000009600016
2007-07-13,713.200001920003
2007-07-14,715.0
2007-07-15,715.0
2007-07-16,715.4545436466856
2007-07-17,716.3768102709454
2007-07-18,717.5
2007-07-19,718.6000011200048
2007-07-20,719.4871807815633
2007-07-21,720.0
2007-07-22,720.0
2007-07-23,720.0
2007-07-24,720.0
2007-07-25,720.0
2007-07-26,720.3316314035777
2007-07-27,721.0459171178635
2007-07-28,721.989795418574
2007-07-29,723.010204581426
2007-07-30,723.9540828821365
2007-07-31,724.6683685964223
2007-08-01,725.0
2007-08-02,725.0
2007-08-03,725.0
2007-08-04,725.0
2007-08-05,725.0
2007-08-06,725.0
2007-08-07,725.0
2007-08-08,725.0
2007-08-09,725.0
2007-08-10,725.0
2007-08-11,720.0
2007-08-12,715.0
2007-08-13,715.0
2007-08-14,715.0
2007-08-15,715.0
2007-08-16,715.0
2007-08-17,715.0
2007-08-18,715.0
2007-08-19,720.0
2007-08-20,725.0
2007-08-21,725.0
2007-08-22,725.0
2007-08-23,675.0
2007-08-24,692.4999973333324
2007-08-25,730.3571442176874
2007-08-26,750.0
2007-08-27,750.0
2007-08-28,750.0
2007-08-29,750.0
2007-08-30,750.0
2007-08-31,750.0
2007-09-01,750.0
2007-09-02,750.0
2007-09-03,750.0
2007-09-04,750.0
2007-09-05,750.0
2007-09-06,750.0
2007-09-07,750.0
2007-09-08,750.0
2007-09-09,750.0
2007-09-10,750.0
2007-09-11,750.0
2007-09-12,750.0
2007-09-13,750.0
2007-09-14,755.0
2007-09-15,755.0
2007-09-16,755.0
2007-09-17,755.0
2007-09-18,760.0
2007-09-19,760.0
2007-09-20,760.0
2007-09-21,750.0
2007-09-22,750.0
2007-09-23,750.0
2007-09-24,750.0
2007-09-25,750.0
2007-09-26,750.0
2007-09-27,750.0
2007-09-28,750.0
2007-09-29,750.0
2007-09-30,750.0
2007-10-01,750.0
2007-10-02,750.0
2007-10-03,750.0
2007-10-04,750.0
2007-10-05,750.0
2007-10-06,750.0
2007-10-07,760.0
2007-10-08,760.0
2007-10-09,760.0
2007-10-10,760.0
2007-10-11,760.0
2007-10-12,770.0
2007-10-13,770.0
2007-10-14,770.0
2007-10-15,770.0
2007-10-16,770.0
2007-10-17,770.0
2007-10-18,770.0
2007-10-19,770.0
2007-10-20,770.3316314035777
2007-10-21,771.0459171178635
2007-10-22,771.989795418574
2007-10-23,773.010204581426
2007-10-24,773.9540828821365
2007-10-25,774.6683685964223
2007-10-26,775.0
2007-10-27,775.0
2007-10-28,775.0
2007-10-29,775.0
2007-10-30,775.0
2007-10-31,775.0
2007-11-01,775.0
2007-11-02,775.0
2007-11-03,775.0
2007-11-04,775.0
2007-11-05,775.0
2007-11-06,775.0
2007-11-07,775.0
2007-11-08,775.0
2007-11-09,775.0
2007-11-10,775.0
2007-11-11,775.0
2007-11-12,775.0
2007-11-13,775.0
2007-11-14,775.0
2007-11-15,775.0
2007-11-16,775.0
2007-11-17,775.0
2007-11-18,765.0
2007-11-19,760.0
2007-11-20,750.0
2007-11-21,750.0
2007-11-22,750.0
2007-11-23,750.0
2007-11-24,750.0
2007-11-25,750.0
2007-11-26,750.0
2007-11-27,750.0
2007-11-28,750.0
2007-11-29,750.0
2007-11-30,750.0
2007-12-01,750.0
2007-12-02,750.0
2007-12-03,750.0
2007-12-04,750.0
2007-12-05,750.0
2007-12-06,725.0
2007-12-07,725.0
2007-12-08,725.0
2007-12-09,725.0
2007-12-10,690.2777753086428
2007-12-11,634.7222246913572
2007-12-12,600.0
2007-12-13,600.0
2007-12-14,590.0
2007-12-15,580.0
2007-12-16,570.0
2007-12-17,570.0
2007-12-18,500.0
2007-12-19,500.0
2007-12-20,450.0
2007-12-21,427.77777530864086
2007-12-22,422.22222469135914
2007-12-23,400.0
2007-12-24,350.0
2007-12-25,350.0
2007-12-26,350.0
2007-12-27,330.0
2007-12-28,330.0
2007-12-29,330.0
2007-12-30,325.0
2007-12-31,325.0
2008-01-01,325.0
2008-01-02,315.0
2008-01-03,315.0
2008-01-04,315.0
2008-01-05,300.0
2008-01-06,300.0
2008-01-07,300.0
2008-01-08,300.0
2008-01-09,300.0
2008-01-10,300.0
2008-01-11,300.0
2008-01-12,300.0
2008-01-13,300.0
2008-01-14,300.0
2008-01-15,300.0
2008-01-16,300.0
2008-01-17,300.0
2008-01-18,300.0
2008-01-19,300.0
2008-01-20,300.0
2008-01-21,300.0
2008-01-22,285.0
2008-01-23,285.0
2008-01-24,285.0
2008-01-25,285.0
2008-01-26,300.0
2008-01-27,300.0
2008-01-28,300.0
2008-01-29,300.0
2008-01-30,300.0
2008-01-31,300.0
2008-02-01,300.0
2008-02-02,300.0
2008-02-03,300.0
2008-02-04,300.0
2008-02-05,300.0
2008-02-06,300.0
2008-02-07,300.0
2008-02-08,300.0
2008-02-09,300.0
2008-02-10,300.0
2008-02-11,300.0
2008-02-12,300.0
2008-02-13,300.0
2008-02-14,300.0
2008-02-15,300.0
2008-02-16,315.0
2008-02-17,320.0
2008-02-18,320.0
2008-02-19,325.0
2008-02-20,325.0
2008-02-21,330.0
2008-02-22,330.0
2008-02-23,325.0
2008-02-24,325.0
2008-02-25,325.0
2008-02-26,340.0
2008-02-27,350.0
2008-02-28,350.0
2008-02-29,350.0
2008-03-01,350.0
2008-03-02,350.0
2008-03-03,350.0
2008-03-04,380.0
2008-03-05,400.0
2008-03-06,450.0
2008-03-07,450.0
2008-03-08,450.0
2008-03-09,450.0
2008-03-10,450.0
2008-03-11,450.0
2008-03-12,450.0
2008-03-13,450.0
2008-03-14,450.0
2008-03-15,450.0
2008-03-16,450.0
2008-03-17,450.0
2008-03-18,450.0
2008-03-19,400.0
2008-03-20,375.0
2008-03-21,375.0
2008-03-22,375.0
2008-03-23,375.0
2008-03-24,375.0
2008-03-25,400.0
2008-03-26,400.0
2008-03-27,400.0
2008-03-28,400.0
2008-03-29,400.0
2008-03-30,400.0
2008-03-31,400.0
2008-04-01,300.0
2008-04-02,250.0
2008-04-03,250.0
2008-04-04,250.0
2008-04-05,240.0
2008-04-06,240.0
2008-04-07,240.0
2008-04-08,240.0
2008-04-09,240.0
2008-04-10,240.0
2008-04-11,240.0
2008-04-12,240.0
2008-04-13,240.0
2008-04-14,240.0
2008-04-15,240.0
2008-04-16,240.0
2008-04-17,240.0
2008-04-18,240.0
2008-04-19,240.0
2008-04-20,240.0
2008-04-21,240.0
2008-04-22,240.0
2008-04-23,240.0
2008-04-24,240.0
2008-04-25,240.0
2008-04-26,250.0
2008-04-27,300.0
2008-04-28,300.0
2008-04-29,300.0
2008-04-30,400.0
2008-05-01,400.0
2008-05-02,400.0
2008-05-03,400.0
2008-05-04,400.0
2008-05-05,400.0
2008-05-06,400.0
2008-05-07,400.0
2008-05-08,400.0
2008-05-09,400.0
2008-05-10,400.0
2008-05-11,400.0
2008-05-12,400.0
2008-05-13,400.0
2008-05-14,385.0
2008-05-15,385.0
2008-05-16,385.0
2008-05-17,385.0
2008-05-18,380.0
2008-05-19,380.0
2008-05-20,375.0
2008-05-21,375.0
2008-05-22,375.0
2008-05-23,375.0
2008-05-24,375.0
2008-05-25,375.0
2008-05-26,375.0
2008-05-27,375.0
2008-05-28,375.0
2008-05-29,375.0
2008-05-30,380.0
2008-05-31,380.0
2008-06-01,375.0
2008-06-02,375.0
2008-06-03,375.0
2008-06-04,380.0
2008-06-05,380.0
2008-06-06,380.0
2008-06-07,380.0
2008-06-08,380.0
2008-06-09,380.0
2008-06-10,380.0
2008-06-11,380.0
2008-06-12,380.0
2008-06-13,380.0
2008-06-14,380.0
2008-06-15,380.0
2008-06-16,380.0
2008-06-17,380.0
2008-06-18,385.0
2008-06-19,385.0
2008-06-20,385.0
2008-06-21,385.0
2008-06-22,385.0
2008-06-23,385.0
2008-06-24,385.0
2008-06-25,385.0
2008-06-26,385.0
2008-06-27,385.0
2008-06-28,385.0
2008-06-29,385.0
2008-06-30,385.0
2008-07-01,385.0
2008-07-02,385.0
2008-07-03,385.0
2008-07-04,390.0
2008-07-05,390.0
2008-07-06,390.0
2008-07-07,390.0
2008-07-08,390.0
2008-07-09,390.0
2008-07-10,400.0
2008-07-11,400.0
2008-07-12,400.0
2008-07-13,400.0
2008-07-14,400.0
2008-07-15,400.0
2008-07-16,400.0
2008-07-17,400.0
2008-07-18,400.0
2008-07-19,400.0
2008-07-20,480.0
2008-07-21,480.0
2008-07-22,500.0
2008-07-23,500.0
2008-07-24,500.0
2008-07-25,500.0
2008-07-26,500.0
2008-07-27,515.0
2008-07-28,515.0
2008-07-29,515.0
2008-07-30,515.0
2008-07-31,507.5
2008-08-01,500.0
2008-08-02,500.0
2008-08-03,500.0
2008-08-04,500.0
2008-08-05,500.0
2008-08-06,500.0
2008-08-07,400.0
2008-08-08,400.0
2008-08-09,390.0
2008-08-10,390.0
2008-08-11,390.0
2008-08-12,390.1268739917703
2008-08-13,390.42675847192095
2008-08-14,390.8765853753344
2008-08-15,391.4532866368934
2008-08-16,392.1337941914805
2008-08-17,392.8950399739783
2008-08-18,393.71395591926967
2008-08-19,394.567473962237
2008-08-20,395.432526037763
2008-08-21,396.28604408073033
2008-08-22,397.1049600260217
2008-08-23,397.8662058085195
2008-08-24,398.5467133631066
2008-08-25,399.1234146246656
2008-08-26,399.57324152807905
2008-08-27,399.8731260082297
2008-08-28,400.0
2008-08-29,400.0
2008-08-30,400.0
2008-08-31,400.0
2008-09-01,400.0
2008-09-02,400.0
2008-09-03,400.0
2008-09-04,400.0
2008-09-05,400.0
2008-09-06,400.0
2008-09-07,400.0
2008-09-08,400.0
2008-09-09,275.0
2008-09-10,380.0
2008-09-11,380.0
2008-09-12,380.0
2008-09-13,380.0
2008-09-14,380.0
2008-09-15,380.0
2008-09-16,380.0
2008-09-17,380.0
2008-09-18,380.0
2008-09-19,380.0
2008-09-20,380.0
2008-09-21,380.0
2008-09-22,380.0
2008-09-23,380.0
2008-09-24,380.0
2008-09-25,380.0
2008-09-26,380.0
2008-09-27,380.0
2008-09-28,380.0
2008-09-29,380.0
2008-09-30,380.0
2008-10-01,380.0
2008-10-02,380.0
2008-10-03,380.0
2008-10-04,380.0
2008-10-05,380.0
2008-10-06,380.0
2008-10-07,380.0
2008-10-08,380.0
2008-10-09,380.0
2008-10-10,380.0
2008-10-11,380.0
2008-10-12,380.0
2008-10-13,380.0
2008-10-14,380.0
2008-10-15,380.0
2008-10-16,400.0
2008-10-17,400.0
2008-10-18,400.0
2008-10-19,400.0
2008-10-20,400.0
2008-10-21,400.0
2008-10-22,400.0
2008-10-23,400.0
2008-10-24,400.0
2008-10-25,400.0
2008-10-26,400.0
2008-10-27,400.0
2008-10-28,400.0
2008-10-29,400.0
2008-10-30,400.0
2008-10-31,400.0
2008-11-01,400.0
2008-11-02,385.0
2008-11-03,385.0
2008-11-04,385.0
2008-11-05,385.0
2008-11-06,385.0
2008-11-07,385.0
2008-11-08,385.0
2008-11-09,385.0
2008-11-10,380.0
2008-11-11,375.0
2008-11-12,365.0
2008-11-13,365.0
2008-11-14,365.0
2008-11-15,365.0
2008-11-16,365.0
2008-11-17,365.0
2008-11-18,365.0
2008-11-19,365.0
2008-11-20,350.0
2008-11-21,350.0
2008-11-22,350.0
2008-11-23,350.0
2008-11-24,350.0
2008-11-25,350.0
2008-11-26,350.0
2008-11-27,350.0
2008-11-28,350.0
2008-11-29,350.0
2008-11-30,350.0
2008-12-01,400.0
2008-12-02,350.0
2008-12-03,350.0
2008-12-04,350.0
2008-12-05,350.0
2008-12-06,300.0
2008-12-07,300.0
2008-12-08,300.0
2008-12-09,300.0
2008-12-10,300.0
2008-12-11,300.0
2008-12-12,300.0
2008-12-13,300.0
2008-12-14,300.0
2008-12-15,300.0
2008-12-16,300.0
2008-12-17,300.0
2008-12-18,300.0
2008-12-19,300.0
2008-12-20,250.0
2008-12-21,250.0
2008-12-22,250.0
2008-12-23,200.0
2008-12-24,200.0
2008-12-25,200.0
2008-12-26,200.0
2008-12-27,200.0
2008-12-28,200.0
2008-12-29,200.0
2008-12-30,200.0
2008-12-31,200.0
2009-01-01,199.90208318082085
2009-01-02,199.66666640142753
2009-01-03,199.30624965820323
2009-01-04,198.83333294753098
2009-01-05,198.2604162657939
2009-01-06,197.59999960937512
2009-01-07,196.8645829746577
2009-01-08,196.06666635802478
2009-01-09,195.21874975585945
2009-01-10,194.3333331645448
2009-01-11,193.42291658046395
2009-01-12,192.5
2009-01-13,191.57708341953605
2009-01-14,190.6666668354552
2009-01-15,189.78125024414055
2009-01-16,188.93333364197522
2009-01-17,188.1354170253423
2009-01-18,187.40000039062488
2009-01-19,186.7395837342061
2009-01-20,186.16666705246902
2009-01-21,185.69375034179677
2009-01-22,185.33333359857247
2009-01-23,185.09791681917915
2009-01-24,185.0
2009-01-25,185.0
2009-01-26,185.0
2009-01-27,185.0
2009-01-28,185.0
2009-01-29,200.0
2009-01-30,200.0
2009-01-31,237.5
2009-02-01,275.0
2009-02-02,275.0
2009-02-03,300.0
2009-02-04,300.0
2009-02-05,300.0
2009-02-06,300.0
2009-02-07,300.0
2009-02-08,280.0
2009-02-09,280.0
2009-02-10,280.0
2009-02-11,280.0
2009-02-12,280.0
2009-02-13,300.0
2009-02-14,300.0
2009-02-15,300.0
2009-02-16,300.0
2009-02-17,300.0
2009-02-18,300.0
2009-02-19,300.0
2009-02-20,310.0
2009-02-21,310.0
2009-02-22,310.0
2009-02-23,310.0
2009-02-24,310.0
2009-02-25,310.0
2009-02-26,310.0
2009-02-27,350.0
2009-02-28,350.0
2009-03-01,350.0
2009-03-02,350.0
2009-03-03,375.0
2009-03-04,375.0
2009-03-05,380.0
2009-03-06,385.0
2009-03-07,385.0
2009-03-08,385.0
2009-03-09,385.0
2009-03-10,385.0
2009-03-11,385.0
2009-03-12,385.0
2009-03-13,385.0
2009-03-14,400.0
2009-03-15,400.0
2009-03-16,400.0
2009-03-17,400.0
2009-03-18,400.0
2009-03-19,410.0
2009-03-20,410.0
2009-03-21,442.5
2009-03-22,475.0
2009-03-23,475.0
2009-03-24,500.0
2009-03-25,600.0
2009-03-26,650.0
2009-03-27,650.0
2009-03-28,650.0
2009-03-29,650.0
2009-03-30,650.0
2009-03-31,650.0
2009-04-01,600.0
2009-04-02,680.0
2009-04-03,685.0
2009-04-04,685.0
2009-04-05,685.0
2009-04-06,685.0
2009-04-07,685.0
2009-04-08,685.0
2009-04-09,685.0
2009-04-10,685.0
2009-04-11,700.0
2009-04-12,700.0
2009-04-13,700.0
2009-04-14,715.0
2009-04-15,715.0
2009-04-16,715.0
2009-04-17,715.0
2009-04-18,725.0
2009-04-19,725.0
2009-04-20,725.0
2009-04-21,725.0
2009-04-22,725.0
2009-04-23,725.0
2009-04-24,725.0
2009-04-25,725.0
2009-04-26,725.0
2009-04-27,725.0
2009-04-28,725.0
2009-04-29,731.9444419753042
2009-04-30,743.0555580246958
2009-05-01,750.0
2009-05-02,750.0
2009-05-03,750.0
2009-05-04,750.0
2009-05-05,850.0
2009-05-06,850.0
2009-05-07,850.0
2009-05-08,875.0
2009-05-09,900.0
2009-05-10,900.0
2009-05-11,900.0
2009-05-12,900.0
2009-05-13,900.0
2009-05-14,900.0
2009-05-15,950.0
2009-05-16,950.0
2009-05-17,950.0
2009-05-18,950.0
2009-05-19,925.0
2009-05-20,900.0
2009-05-21,875.0
2009-05-22,875.0
2009-05-23,875.0
2009-05-24,875.4197522328902
2009-05-25,876.3580236244461
2009-05-26,877.6666658436204
2009-05-27,879.1975305593655
2009-05-28,880.8024694406345
2009-05-29,882.3333341563796
2009-05-30,883.6419763755539
2009-05-31,884.5802477671098
2009-06-01,885.0
2009-06-02,885.0
2009-06-03,885.0
2009-06-04,885.0
2009-06-05,885.0
2009-06-06,885.0
2009-06-07,900.0
2009-06-08,900.0
2009-06-09,900.0
2009-06-10,900.0
2009-06-11,900.0
2009-06-12,900.0
2009-06-13,900.0
2009-06-14,900.0
2009-06-15,900.0
2009-06-16,900.0
2009-06-17,900.0
2009-06-18,915.0
2009-06-19,950.0
2009-06-20,950.0
2009-06-21,950.0
2009-06-22,950.0
2009-06-23,950.0
2009-06-24,950.0
2009-06-25,1000.0
2009-06-26,1000.0
2009-06-27,1000.0
2009-06-28,1000.0
2009-06-29,1000.0
2009-06-30,1100.0
2009-07-01,1100.0
2009-07-02,1100.0
2009-07-03,1100.0
2009-07-04,1100.0
2009-07-05,1100.0
2009-07-06,1100.0
2009-07-07,1100.0
2009-07-08,1100.0
2009-07-09,1100.0
2009-07-10,1100.0
2009-07-11,1150.0
2009-07-12,1150.0
2009-07-13,1150.0
2009-07-14,1150.0
2009-07-15,1150.0
2009-07-16,1150.0
2009-07-17,1150.0
2009-07-18,1150.0
2009-07-19,1150.0
2009-07-20,1150.0
2009-07-21,1160.0
2009-07-22,1160.0
2009-07-23,1160.0
2009-07-24,1160.0
2009-07-25,1160.0
2009-07-26,1165.0
2009-07-27,1165.0
2009-07-28,1165.0
2009-07-29,1165.0
2009-07-30,1150.0
2009-07-31,1150.0
2009-08-01,1150.0
2009-08-02,1160.0
2009-08-03,1160.0
2009-08-04,1100.0
2009-08-05,1100.0
2009-08-06,1100.0
2009-08-07,1100.0
2009-08-08,1100.0
2009-08-09,1100.0
2009-08-10,1100.0
2009-08-11,1100.0
2009-08-12,1100.0
2009-08-13,1100.0
2009-08-14,1100.0
2009-08-15,1100.0
2009-08-16,1100.0
2009-08-17,1100.0
2009-08-18,1050.0
2009-08-19,1050.0
2009-08-20,1051.14926982524
2009-08-21,1053.9616007717912
2009-08-22,1058.3558679069065
2009-08-23,1064.2509462978394
2009-08-24,1071.565711011843
2009-08-25,1080.2190371161703
2009-08-26,1090.1297996780743
2009-08-27,1101.216873764808
2009-08-28,1113.3991344436251
2009-08-29,1126.5954567817782
2009-08-30,1140.7247158465204
2009-08-31,1155.7057867051053
2009-09-01,1171.457544424785
2009-09-02,1187.898864072814
2009-09-03,1204.948620716444
2009-09-04,1222.5256894229294
2009-09-05,1240.5489452595223
2009-09-06,1258.9372632934762
2009-09-07,1277.6095185920444
2009-09-08,1296.4845862224797
2009-09-09,1315.4813412520352
2009-09-10,1334.5186587479645
2009-09-11,1353.5154137775203
2009-09-12,1372.3904814079556
2009-09-13,1391.0627367065238
2009-09-14,1409.4510547404775
2009-09-15,1427.4743105770706
2009-09-16,1445.051379283556
2009-09-17,1462.101135927186
2009-09-18,1478.542455575215
2009-09-19,1494.2942132948947
2009-09-20,1509.2752841534796
2009-09-21,1523.4045432182218
2009-09-22,1536.6008655563749
2009-09-23,1548.783126235192
2009-09-24,1559.8702003219257
2009-09-25,1569.7809628838297
2009-09-26,1578.434288988157
2009-09-27,1585.7490537021606
2009-09-28,1591.6441320930935
2009-09-29,1596.0383992282088
2009-09-30,1598.85073017476
2009-10-01,1600.0
2009-10-02,1600.0
2009-10-03,1600.0
2009-10-04,1600.0
2009-10-05,1600.0
2009-10-06,1600.0
2009-10-07,1600.0
2009-10-08,1600.0
2009-10-09,1600.0
2009-10-10,1600.0
2009-10-11,1600.0
2009-10-12,1600.0
2009-10-13,1600.0
2009-10-14,1500.0
2009-10-15,1500.0
2009-10-16,1500.0
2009-10-17,1500.0
2009-10-18,1500.0
2009-10-19,1500.0
2009-10-20,1500.0
2009-10-21,1600.0
2009-10-22,1600.0
2009-10-23,1600.0
2009-10-24,1600.0
2009-10-25,1600.0
2009-10-26,1600.0
2009-10-27,1600.0
2009-10-28,1600.0
2009-10-29,1600.0
2009-10-30,1600.0
2009-10-31,1600.0
2009-11-01,1600.0
2009-11-02,1600.0
2009-11-03,1600.0
2009-11-04,1600.0
2009-11-05,1600.0
2009-11-06,1544.444441975309
2009-11-07,1455.555558024691
2009-11-08,1400.0
2009-11-09,1400.0
2009-11-10,1400.0
2009-11-11,1200.0
2009-11-12,1200.0
2009-11-13,1200.0
2009-11-14,1200.0
2009-11-15,1200.0
2009-11-16,1200.0
2009-11-17,1200.0
2009-11-18,1200.0
2009-11-19,1200.0
2009-11-20,1198.9934842497091
2009-11-21,1196.5269677009067
2009-11-22,1192.6668140262514
2009-11-23,1187.4793868984036
2009-11-24,1181.0310499900227
2009-11-25,1173.3881669737686
2009-11-26,1164.6171015223006
2009-11-27,1154.7842173082784
2009-11-28,1143.9558780043617
2009-11-29,1132.1984472832105
2009-11-30,1119.5782888174836
2009-12-01,1106.161766279841
2009-12-02,1092.0152433429428
2009-12-03,1077.205083679448
2009-12-04,1061.7976509620166
2009-12-05,1045.8593088633081
2009-12-06,1029.4564210559822
2009-12-07,1012.6553512126985
2009-12-08,995.5224630061166
2009-12-09,978.1241201088961
2009-12-10,960.5266861936968
2009-12-11,942.7965249331783
2009-12-12,925.0
2009-12-13,907.2034750668217
2009-12-14,889.4733138063032
2009-12-15,871.8758798911039
2009-12-16,854.4775369938834
2009-12-17,837.3446487873014
2009-12-18,820.5435789440178
2009-12-19,804.1406911366919
2009-12-20,788.2023490379834
2009-12-21,772.7949163205519
2009-12-22,757.9847566570572
2009-12-23,743.8382337201589
2009-12-24,730.4217111825164
2009-12-25,717.8015527167896
2009-12-26,706.0441219956381
2009-12-27,695.2157826917215
2009-12-28,685.3828984776993
2009-12-29,676.6118330262312
2009-12-30,668.9689500099771
2009-12-31,662.5206131015964
2010-01-01,657.3331859737485
2010-01-02,653.4730322990936
2010-01-03,651.0065157502908
2010-01-04,650.0
2010-01-05,650.0
2010-01-06,650.0
2010-01-07,650.0
2010-01-08,575.0
2010-01-09,500.0
2010-01-10,500.0
2010-01-11,500.0
2010-01-12,500.0
2010-01-13,500.0
2010-01-14,500.0
2010-01-15,500.0
2010-01-16,500.0
2010-01-17,500.0
2010-01-18,500.0
2010-01-19,400.0
2010-01-20,400.0
2010-01-21,400.0
2010-01-22,400.0
2010-01-23,400.0
2010-01-24,400.0
2010-01-25,400.0
2010-01-26,400.0
2010-01-27,400.0
2010-01-28,400.0
2010-01-29,400.0
2010-01-30,400.0
2010-01-31,400.0
2010-02-01,400.0
2010-02-02,400.0
2010-02-03,400.0
2010-02-04,400.0
2010-02-05,400.0
2010-02-06,400.0
2010-02-07,400.0
2010-02-08,400.0
2010-02-09,400.0
2010-02-10,400.0
2010-02-11,400.0
2010-02-12,400.0
2010-02-13,400.0
2010-02-14,400.0
2010-02-15,400.0
2010-02-16,400.0
2010-02-17,400.0
2010-02-18,400.0
2010-02-19,400.0
2010-02-20,400.0
2010-02-21,400.0
2010-02-22,397.901233714373
2010-02-23,393.20987547629966
2010-02-24,386.66666584362156
2010-02-25,379.0123453741808
2010-02-26,370.9876546258192
2010-02-27,363.33333415637844
2010-02-28,356.79012452370034
2010-03-01,352.098766285627
2010-03-02,350.0
2010-03-03,350.0
2010-03-04,350.0
2010-03-05,350.0
2010-03-06,350.0
2010-03-07,400.0
2010-03-08,400.0
2010-03-09,400.0
2010-03-10,400.0
2010-03-11,400.0
2010-03-12,400.0
2010-03-13,350.0
2010-03-14,350.0
2010-03-15,350.0
2010-03-16,350.0
2010-03-17,350.0
2010-03-18,350.0
2010-03-19,350.0
2010-03-20,400.0
2010-03-21,400.0
2010-03-22,400.0
2010-03-23,400.0
2010-03-24,400.0
2010-03-25,400.0
2010-03-26,350.0
2010-03-27,350.0
2010-03-28,350.0
2010-03-29,350.0
2010-03-30,350.0
2010-03-31,350.0
2010-04-01,350.0
2010-04-02,350.0
2010-04-03,350.0
2010-04-04,350.0
2010-04-05,350.0
2010-04-06,350.0
2010-04-07,350.0
2010-04-08,350.0
2010-04-09,350.0
2010-04-10,350.0
2010-04-11,350.0
2010-04-12,350.0
2010-04-13,350.0
2010-04-14,350.0
2010-04-15,350.0
2010-04-16,350.0
2010-04-17,350.0
2010-04-18,350.0
2010-04-19,350.0
2010-04-20,350.0
2010-04-21,400.0
2010-04-22,400.0
2010-04-23,400.0
2010-04-24,400.0
2010-04-25,400.0
2010-04-26,400.0
2010-04-27,400.0
2010-04-28,400.0
2010-04-29,400.0
2010-04-30,400.0
2010-05-01,400.0
2010-05-02,400.0
2010-05-03,400.0
2010-05-04,400.0
2010-05-05,400.0
2010-05-06,450.0
2010-05-07,450.0
2010-05-08,450.0
2010-05-09,450.0
2010-05-10,450.0
2010-05-11,500.0
2010-05-12,500.0
2010-05-13,500.0
2010-05-14,550.0
2010-05-15,550.0
2010-05-16,550.0
2010-05-17,550.0
2010-05-18,550.0
2010-05-19,550.0
2010-05-20,550.0
2010-05-21,550.0
2010-05-22,540.0
2010-05-23,540.0
2010-05-24,540.0
2010-05-25,540.0
2010-05-26,550.0
2010-05-27,550.0
2010-05-28,550.0
2010-05-29,540.0
2010-05-30,540.0
2010-05-31,540.0
2010-06-01,550.0
2010-06-02,550.0
2010-06-03,550.0
2010-06-04,550.0
2010-06-05,600.0
2010-06-06,550.0
2010-06-07,550.0
2010-06-08,550.0
2010-06-09,550.0
2010-06-10,560.0
2010-06-11,560.0
2010-06-12,540.0
2010-06-13,600.0
2010-06-14,600.0
2010-06-15,600.0
2010-06-16,600.3544421789516
2010-06-17,601.2051036845922
2010-06-18,602.5047255334279
2010-06-19,604.2060487419641
2010-06-20,606.2618143267068
2010-06-21,608.624763304162
2010-06-22,611.2476366908352
2010-06-23,614.0831755032322
2010-06-24,617.084120757859
2010-06-25,620.2032134712211
2010-06-26,623.3931946598246
2010-06-27,626.6068053401754
2010-06-28,629.7967865287789
2010-06-29,632.915879242141
2010-06-30,635.9168244967678
2010-07-01,638.7523633091648
2010-07-02,641.375236695838
2010-07-03,643.7381856732932
2010-07-04,645.7939512580359
2010-07-05,647.4952744665721
2010-07-06,648.7948963154078
2010-07-07,649.6455578210484
2010-07-08,650.0
2010-07-09,650.0
2010-07-10,700.0
2010-07-11,700.0
2010-07-12,700.0
2010-07-13,700.0
2010-07-14,700.0
2010-07-15,700.0
2010-07-16,700.0
2010-07-17,700.0
2010-07-18,700.0
2010-07-19,700.0
2010-07-20,700.0
2010-07-21,700.0
2010-07-22,700.0
2010-07-23,700.0
2010-07-24,700.0
2010-07-25,700.0
2010-07-26,700.0
2010-07-27,700.0
2010-07-28,700.0
2010-07-29,700.0
2010-07-30,700.0
2010-07-31,700.0
2010-08-01,700.0
2010-08-02,700.0
2010-08-03,650.0
2010-08-04,650.0
2010-08-05,650.0
2010-08-06,550.0
2010-08-07,950.0
2010-08-08,500.0
2010-08-09,500.0
2010-08-10,500.0
2010-08-11,500.0
2010-08-12,500.0
2010-08-13,500.0
2010-08-14,500.0
2010-08-15,500.0
2010-08-16,500.0
2010-08-17,450.0
2010-08-18,450.0
2010-08-19,450.0
2010-08-20,450.0
2010-08-21,450.0
2010-08-22,450.0
2010-08-23,450.0
2010-08-24,450.0
2010-08-25,450.0
2010-08-26,450.0
2010-08-27,450.0
2010-08-28,450.0
2010-08-29,450.0
2010-08-30,450.0
2010-08-31,450.0
2010-09-01,450.0
2010-09-02,450.0
2010-09-03,450.0
2010-09-04,450.0
2010-09-05,450.0
2010-09-06,450.0
2010-09-07,400.0
2010-09-08,400.0
2010-09-09,400.0
2010-09-10,400.0
2010-09-11,400.0
2010-09-12,400.0
2010-09-13,400.0
2010-09-14,400.0
2010-09-15,400.0
2010-09-16,400.0
2010-09-17,400.0
2010-09-18,400.0
2010-09-19,400.0
2010-09-20,400.0
2010-09-21,400.0
2010-09-22,400.0
2010-09-23,400.0
2010-09-24,400.0
2010-09-25,400.0
2010-09-26,425.0
2010-09-27,425.0
2010-09-28,425.0
2010-09-29,425.0
2010-09-30,425.0
2010-10-01,425.0
2010-10-02,425.0
2010-10-03,425.0
2010-10-04,425.0
2010-10-05,425.0
2010-10-06,425.0
2010-10-07,450.0
2010-10-08,460.0
2010-10-09,4800.0
2010-10-10,500.0
2010-10-11,520.0
2010-10-12,525.0
2010-10-13,525.0
2010-10-14,550.0
2010-10-15,550.0
2010-10-16,600.0
2010-10-17,600.0
2010-10-18,600.0
2010-10-19,600.0
2010-10-20,600.0
2010-10-21,600.0
2010-10-22,600.0
2010-10-23,600.0
2010-10-24,600.0
2010-10-25,600.0
2010-10-26,600.0
2010-10-27,600.0
2010-10-28,600.0
2010-10-29,600.0
2010-10-30,600.0
2010-10-31,600.0
2010-11-01,600.0
2010-11-02,600.0
2010-11-03,600.0
2010-11-04,700.0
2010-11-05,700.0
2010-11-06,700.0
2010-11-07,700.0
2010-11-08,700.0
2010-11-09,700.0
2010-11-10,700.0
2010-11-11,700.0
2010-11-12,700.0
2010-11-13,700.0
2010-11-14,700.0
2010-11-15,700.0
2010-11-16,750.0
2010-11-17,750.0
2010-11-18,750.0
2010-11-19,750.0
2010-11-20,750.0
2010-11-21,750.0
2010-11-22,750.0
2010-11-23,750.0
2010-11-24,750.0
2010-11-25,750.0
2010-11-26,750.0
2010-11-27,750.0
2010-11-28,750.0
2010-11-29,725.0
2010-11-30,700.0
2010-12-01,700.0
2010-12-02,700.0
2010-12-03,700.0
2010-12-04,700.0
2010-12-05,700.0
2010-12-06,700.0
2010-12-07,700.0
2010-12-08,700.0
2010-12-09,650.0
2010-12-10,600.0
2010-12-11,600.0
2010-12-12,600.0
2010-12-13,600.0
2010-12-14,600.0
2010-12-15,600.0
2010-12-16,575.0
2010-12-17,575.0
2010-12-18,575.0
2010-12-19,500.0
2010-12-20,484.22222221066664
2010-12-21,480.0
2010-12-22,480.0
2010-12-23,475.0
2010-12-24,475.0
2010-12-25,450.0
2010-12-26,450.0
2010-12-27,450.0
2010-12-28,443.9999980800009
2010-12-29,431.9999990400005
2010-12-30,418.0000009599995
2010-12-31,406.0000019199991
2011-01-01,400.0
2011-01-02,400.0
2011-01-03,380.0
2011-01-04,380.0
2011-01-05,380.0
2011-01-06,380.0
2011-01-07,382.5
2011-01-08,385.0
2011-01-09,385.0
2011-01-10,385.0
2011-01-11,385.0
2011-01-12,375.0
2011-01-13,375.0
2011-01-14,375.0
2011-01-15,375.0
2011-01-16,385.0
2011-01-17,385.0
2011-01-18,300.0
2011-01-19,300.0
2011-01-20,300.0
2011-01-21,350.0
2011-01-22,350.0
2011-01-23,350.0
2011-01-24,350.0
2011-01-25,350.0
2011-01-26,337.5
2011-01-27,325.0
2011-01-28,335.0
2011-01-29,380.0
2011-01-30,380.0
2011-01-31,380.0
2011-02-01,350.0
2011-02-02,350.0
2011-02-03,350.0
2011-02-04,350.0
2011-02-05,350.0
2011-02-06,350.0
2011-02-07,350.0
2011-02-08,375.0
2011-02-09,375.0
2011-02-10,375.0
2011-02-11,375.0
2011-02-12,375.0
2011-02-13,375.0
2011-02-14,375.0
2011-02-15,375.0
2011-02-16,400.0
2011-02-17,400.0
2011-02-18,400.0
2011-02-19,400.0
2011-02-20,400.0
2011-02-21,400.0
2011-02-22,400.0
2011-02-23,400.0
2011-02-24,400.0
2011-02-25,400.0
2011-02-26,425.0
2011-02-27,450.0
2011-02-28,450.0
2011-03-01,450.0
2011-03-02,450.0
2011-03-03,450.0
2011-03-04,450.0
2011-03-05,462.5
2011-03-06,475.0
2011-03-07,475.0
2011-03-08,500.0
2011-03-09,500.0
2011-03-10,500.0
2011-03-11,500.0
2011-03-12,500.0
2011-03-13,500.0
2011-03-14,500.0
2011-03-15,500.0
2011-03-16,500.0
2011-03-17,500.0
2011-03-18,500.0
2011-03-19,680.0
2011-03-20,590.0
2011-03-21,500.0
2011-03-22,500.0
2011-03-23,500.0
2011-03-24,500.0
2011-03-25,500.0
2011-03-26,500.0
2011-03-27,499.0816322469805
2011-03-28,496.93877488546445
2011-03-29,493.77550951686806
2011-03-30,489.79591774260734
2011-03-31,485.2040811640984
2011-04-01,480.2040813827572
2011-04-02,475.0
2011-04-03,469.7959186172428
2011-04-04,464.7959188359016
2011-04-05,460.20408225739266
2011-04-06,456.22449048313194
2011-04-07,453.0612251145355
2011-04-08,450.9183677530195
2011-04-09,450.0
2011-04-10,450.0
2011-04-11,450.0
2011-04-12,485.0
2011-04-13,485.0
2011-04-14,450.0
2011-04-15,450.0
2011-04-16,450.0
2011-04-17,450.0
2011-04-18,425.0
2011-04-19,400.0
2011-04-20,396.3075035205685
2011-04-21,402.188272975293
2011-04-22,409.21052604443435
2011-04-23,415.4972238005627
2011-04-24,420.3930687786757
2011-04-25,423.6095967386897
2011-04-26,425.0
2011-04-27,425.0
2011-04-28,425.0
2011-04-29,425.0
2011-04-30,426.79999807999695
2011-05-01,430.3999990399985
2011-05-02,434.6000009600015
2011-05-03,438.20000192000305
2011-05-04,440.0
2011-05-05,440.0
2011-05-06,480.0
2011-05-07,480.0
2011-05-08,480.0
2011-05-09,480.0
2011-05-10,480.0
2011-05-11,485.0
2011-05-12,485.0
2011-05-13,500.0
2011-05-14,600.0
2011-05-15,600.0
2011-05-16,600.0
2011-05-17,601.3095222663119
2011-05-18,604.0476178130496
2011-05-19,607.5
2011-05-20,610.9523821869504
2011-05-21,613.6904777336881
2011-05-22,615.0
2011-05-23,615.0
2011-05-24,615.0
2011-05-25,610.0
2011-05-26,625.0
2011-05-27,625.0
2011-05-28,630.0
2011-05-29,545.0
2011-05-30,630.0
2011-05-31,635.0
2011-06-01,650.0
2011-06-02,650.0
2011-06-03,650.0
2011-06-04,650.0
2011-06-05,650.0
2011-06-06,650.0
2011-06-07,650.0
2011-06-08,680.0
2011-06-09,680.0
2011-06-10,670.0
2011-06-11,650.0
2011-06-12,660.0
2011-06-13,640.0
2011-06-14,640.0
2011-06-15,640.0
2011-06-16,640.0
2011-06-17,640.0
2011-06-18,645.0
2011-06-19,650.0
2011-06-20,650.0
2011-06-21,650.0
2011-06-22,680.0
2011-06-23,680.0
2011-06-24,675.0
2011-06-25,675.0
2011-06-26,675.0
2011-06-27,675.0
2011-06-28,675.0
2011-06-29,675.0
2011-06-30,675.0
2011-07-01,675.0
2011-07-02,685.0
2011-07-03,693.74999998125
2011-07-04,700.0
2011-07-05,700.0
2011-07-06,700.0
2011-07-07,750.0
2011-07-08,750.0
2011-07-09,750.0
2011-07-10,750.0
2011-07-11,750.0
2011-07-12,750.0
2011-07-13,800.0
2011-07-14,750.0
2011-07-15,750.0
2011-07-16,750.0
2011-07-17,750.0
2011-07-18,750.0
2011-07-19,750.0
2011-07-20,730.0
2011-07-21,730.0
2011-07-22,730.0
2011-07-23,740.0
2011-07-24,740.0
2011-07-25,740.0
2011-07-26,740.0
2011-07-27,745.0
2011-07-28,745.0
2011-07-29,750.0
2011-07-30,750.0
2011-07-31,750.0
2011-08-01,690.0
2011-08-02,690.0
2011-08-03,685.0
2011-08-04,685.0
2011-08-05,690.0
2011-08-06,685.0
2011-08-07,750.0
2011-08-08,680.0
2011-08-09,655.0
2011-08-10,750.0
2011-08-11,750.0
2011-08-12,750.0
2011-08-13,740.0
2011-08-14,740.0
2011-08-15,740.0
2011-08-16,740.0
2011-08-17,740.0
2011-08-18,740.0
2011-08-19,745.0
2011-08-20,745.0
2011-08-21,745.0
2011-08-22,745.0
2011-08-23,745.0
2011-08-24,745.0
2011-08-25,745.0
2011-08-26,745.0
2011-08-27,745.0
2011-08-28,745.0
2011-08-29,745.0
2011-08-30,746.3888864197311
2011-08-31,748.6111135802689
2011-09-01,750.0
2011-09-02,750.0
2011-09-03,750.0
2011-09-04,750.0
2011-09-05,750.0
2011-09-06,750.0
2011-09-07,736.1111086419776
2011-09-08,713.8888913580224
2011-09-09,700.0
2011-09-10,700.0
2011-09-11,700.0
2011-09-12,700.0
2011-09-13,675.0
2011-09-14,675.0
2011-09-15,675.0
2011-09-16,670.0
2011-09-17,670.0
2011-09-18,670.0
2011-09-19,670.0
2011-09-20,670.0
2011-09-21,670.0
2011-09-22,650.0
2011-09-23,650.0
2011-09-24,650.0
2011-09-25,650.0
2011-09-26,650.0
2011-09-27,650.0
2011-09-28,650.0
2011-09-29,650.0
2011-09-30,650.0
2011-10-01,650.0
2011-10-02,650.0
2011-10-03,650.0
2011-10-04,650.0
2011-10-05,650.0
2011-10-06,665.0
2011-10-07,675.3780403915572
2011-10-08,679.4780756079499
2011-10-09,678.9320929203966
2011-10-10,674.9368830021825
2011-10-11,668.3900388632508
2011-10-12,659.9779551615723
2011-10-13,650.234494411158
2011-10-14,639.5811270193815
2011-10-15,628.3550293132637
2011-10-16,616.8291535583504
2011-10-17,605.2268243361432
2011-10-18,593.7325271709407
2011-10-19,582.5
2011-10-20,571.6583826908787
2011-10-21,561.316947439406
2011-10-22,551.5687779681148
2011-10-23,542.4936603250164
2011-10-24,534.1603755860841
2011-10-25,526.6285340172428
2011-10-26,519.9500542372672
2011-10-27,514.170365037639
2011-10-28,509.32938868970507
2011-10-29,505.4623507270435
2011-10-30,502.6004509079967
2011-10-31,500.7714223511171
2011-11-01,500.0
2011-11-02,500.0
2011-11-03,500.0
2011-11-04,450.0
2011-11-05,450.0
2011-11-06,450.0
2011-11-07,450.0
2011-11-08,450.0
2011-11-09,450.0
2011-11-10,450.0
2011-11-11,450.0
2011-11-12,450.0
2011-11-13,450.0
2011-11-14,450.0
2011-11-15,450.0
2011-11-16,430.0
2011-11-17,430.0
2011-11-18,430.0
2011-11-19,430.0
2011-11-20,425.0
2011-11-21,425.0
2011-11-22,425.0
2011-11-23,425.0
2011-11-24,425.0
2011-11-25,425.0
2011-11-26,375.0
2011-11-27,375.0
2011-11-28,375.0
2011-11-29,381.94444197530424
2011-11-30,393.05555802469576
2011-12-01,400.0
2011-12-02,400.0
2011-12-03,400.0
2011-12-04,400.0
2011-12-05,400.0
2011-12-06,390.0
2011-12-07,390.0
2011-12-08,390.0
2011-12-09,390.0
2011-12-10,390.0
2011-12-11,390.0
2011-12-12,390.0
2011-12-13,385.0
2011-12-14,385.0
2011-12-15,380.0
2011-12-16,380.0
2011-12-17,380.0
2011-12-18,380.0
2011-12-19,380.0
2011-12-20,380.0
2011-12-21,375.0
2011-12-22,375.0
2011-12-23,375.0
2011-12-24,350.0
2011-12-25,350.0
2011-12-26,350.0
2011-12-27,350.0
2011-12-28,340.99999808000064
2011-12-29,322.9999990400003
2011-12-30,302.0000009599997
2011-12-31,284.00000191999936
2012-01-01,275.0
2012-01-02,275.0
2012-01-03,275.0
2012-01-04,275.0
2012-01-05,275.0
2012-01-06,275.0
2012-01-07,300.0
2012-01-08,300.0
2012-01-09,300.0
2012-01-10,350.0
2012-01-11,350.0
2012-01-12,350.0
2012-01-13,350.0
2012-01-14,350.0
2012-01-15,350.0
2012-01-16,350.0
2012-01-17,350.0
2012-01-18,400.0
2012-01-19,400.0
2012-01-20,400.0
2012-01-21,400.0
2012-01-22,400.0
2012-01-23,450.0
2012-01-24,450.0
2012-01-25,400.0
2012-01-26,388.88888886666666
2012-01-27,400.0
2012-01-28,425.0
2012-01-29,425.0
2012-01-30,425.0
2012-01-31,400.0
2012-02-01,400.0
2012-02-02,400.0
2012-02-03,400.0
2012-02-04,400.0
2012-02-05,425.0
2012-02-06,425.0
2012-02-07,425.0
2012-02-08,425.0
2012-02-09,430.0
2012-02-10,430.0
2012-02-11,430.0
2012-02-12,440.0
2012-02-13,450.0
2012-02-14,450.0
2012-02-15,450.0
2012-02-16,450.0
2012-02-17,450.0
2012-02-18,450.0
2012-02-19,450.0
2012-02-20,450.0
2012-02-21,450.0
2012-02-22,450.0
2012-02-23,450.0
2012-02-24,450.0
2012-02-25,450.0
2012-02-26,450.0
2012-02-27,450.0
2012-02-28,450.0
2012-02-29,450.0
2012-03-01,450.0
2012-03-02,475.0
2012-03-03,475.0
2012-03-04,475.0
2012-03-05,470.0
2012-03-06,470.0
2012-03-07,475.0
2012-03-08,486.5196078189158
2012-03-09,503.728070156048
2012-03-10,525.0
2012-03-11,550.0
2012-03-12,550.0
2012-03-13,475.0
2012-03-14,575.0
2012-03-15,593.9102563972388
2012-03-16,597.6449275320731
2012-03-17,600.0
2012-03-18,600.0
2012-03-19,600.0
2012-03-20,600.0
2012-03-21,600.0
2012-03-22,600.0
2012-03-23,625.0
2012-03-24,625.0
2012-03-25,625.0
2012-03-26,625.0
2012-03-27,625.0
2012-03-28,650.0
2012-03-29,650.0
2012-03-30,650.0
2012-03-31,650.0
2012-04-01,650.0
2012-04-02,650.0
2012-04-03,650.0
2012-04-04,685.0
2012-04-05,700.0
2012-04-06,700.0
2012-04-07,700.0
2012-04-08,700.0
2012-04-09,700.0
2012-04-10,700.0
2012-04-11,700.0
2012-04-12,700.0
2012-04-13,700.0
2012-04-14,700.0
2012-04-15,700.0
2012-04-16,700.0
2012-04-17,850.0
2012-04-18,850.0
2012-04-19,900.0
2012-04-20,900.0
2012-04-21,900.0
2012-04-22,900.0
2012-04-23,900.0
2012-04-24,950.0
2012-04-25,950.0
2012-04-26,950.0
2012-04-27,950.0
2012-04-28,950.0
2012-04-29,950.0
2012-04-30,950.0
2012-05-01,1000.0
2012-05-02,1000.0
2012-05-03,1000.0
2012-05-04,1000.0
2012-05-05,1000.0
2012-05-06,1000.0
2012-05-07,1000.0
2012-05-08,1000.0
2012-05-09,1000.0
2012-05-10,1000.0
2012-05-11,1012.5
2012-05-12,1025.0
2012-05-13,1025.0
2012-05-14,1025.0
2012-05-15,1025.0
2012-05-16,1025.0
2012-05-17,1050.0
2012-05-18,1050.0
2012-05-19,1050.0
2012-05-20,1050.0
2012-05-21,1050.0
2012-05-22,1050.0
2012-05-23,1050.0
2012-05-24,1100.0
2012-05-25,1000.0
2012-05-26,1100.0
2012-05-27,1075.0
2012-05-28,1050.0
2012-05-29,1050.0
2012-05-30,1100.0
2012-05-31,1100.0
2012-06-01,1100.0
2012-06-02,1100.0
2012-06-03,1100.0
2012-06-04,1100.0
2012-06-05,1100.0
2012-06-06,1100.0
2012-06-07,1100.0
2012-06-08,1050.0
2012-06-09,1100.0
2012-06-10,1100.0
2012-06-11,1100.0
2012-06-12,1100.0
2012-06-13,1100.0
2012-06-14,1100.0
2012-06-15,1050.0
2012-06-16,1100.0
2012-06-17,1100.0
2012-06-18,1100.0
2012-06-19,1150.0
2012-06-20,1100.0
2012-06-21,1100.0
2012-06-22,1050.0
2012-06-23,1037.4999999765625
2012-06-24,1050.0
2012-06-25,1080.0
2012-06-26,1100.0
2012-06-27,1120.0
2012-06-28,1133.3653845998522
2012-06-29,1139.9999999756944
2012-06-30,1138.0681817964876
2012-07-01,1125.0
2012-07-02,1100.0
2012-07-03,1080.0
2012-07-04,1100.0
2012-07-05,1100.0
2012-07-06,1150.0
2012-07-07,1150.0
2012-07-08,1150.0
2012-07-09,1180.0
2012-07-10,1100.0
2012-07-11,1120.0
2012-07-12,1150.0
2012-07-13,1200.0
2012-07-14,1250.0
2012-07-15,1250.0
2012-07-16,1300.0
2012-07-17,1200.0
2012-07-18,1200.0
2012-07-19,1200.0
2012-07-20,1225.0
2012-07-21,1225.0
2012-07-22,1200.0
2012-07-23,1250.0
2012-07-24,1250.0
2012-07-25,1260.0
2012-07-26,1260.0
2012-07-27,1250.0
2012-07-28,1200.0
2012-07-29,1225.0
2012-07-30,1250.0
2012-07-31,1250.0
2012-08-01,1250.0
2012-08-02,1250.0
2012-08-03,1270.0
2012-08-04,1300.0
2012-08-05,1300.0
2012-08-06,1300.0
2012-08-07,1300.0
2012-08-08,1300.0
2012-08-09,1300.0
2012-08-10,1320.0
2012-08-11,1310.0
2012-08-12,1320.0
2012-08-13,1325.0
2012-08-14,1325.0
2012-08-15,1312.5
2012-08-16,1300.0
2012-08-17,1300.0
2012-08-18,1300.0
2012-08-19,1320.0
2012-08-20,1250.0
2012-08-21,1300.0
2012-08-22,1275.0
2012-08-23,1300.0
2012-08-24,1320.0
2012-08-25,1320.0
2012-08-26,1300.0
2012-08-27,1300.0
2012-08-28,1300.0
2012-08-29,1280.0
2012-08-30,1290.0
2012-08-31,1320.0
2012-09-01,1300.0
2012-09-02,1300.0
2012-09-03,1325.0
2012-09-04,1340.0
2012-09-05,1300.0
2012-09-06,1350.0
2012-09-07,1350.0
2012-09-08,1350.0
2012-09-09,1340.0
2012-09-10,1350.0
2012-09-11,1300.0
2012-09-12,1300.0
2012-09-13,1325.0
2012-09-14,1325.0
2012-09-15,1300.0
2012-09-16,1300.0
2012-09-17,1280.0
2012-09-18,1280.0
2012-09-19,1250.0
2012-09-20,1255.0
2012-09-21,1260.0
2012-09-22,1250.0
2012-09-23,1225.0
2012-09-24,1200.0
2012-09-25,1200.0
2012-09-26,1150.0
2012-09-27,1150.0
2012-09-28,1150.0
2012-09-29,1100.0
2012-09-30,1100.0
2012-10-01,1100.0
2012-10-02,1110.0
2012-10-03,1120.0
2012-10-04,1100.0
2012-10-05,1150.0
2012-10-06,1100.0
2012-10-07,1100.0
2012-10-08,1100.0
2012-10-09,1050.0
2012-10-10,1060.0
2012-10-11,1000.0
2012-10-12,1050.0
2012-10-13,1100.0
2012-10-14,1100.0
2012-10-15,1050.0
2012-10-16,1050.0
2012-10-17,1100.0
2012-10-18,1100.0
2012-10-19,1100.0
2012-10-20,1100.0
2012-10-21,1100.0
2012-10-22,1100.0
2012-10-23,1050.0
2012-10-24,1100.0
2012-10-25,1050.0
2012-10-26,1100.0
2012-10-27,1100.0
2012-10-28,1100.0
2012-10-29,1050.0
2012-10-30,1000.0
2012-10-31,1000.0
2012-11-01,1000.0
2012-11-02,1000.0
2012-11-03,1100.0
2012-11-04,1000.0
2012-11-05,1000.0
2012-11-06,1000.0
2012-11-07,980.0
2012-11-08,975.0
2012-11-09,975.0
2012-11-10,965.0
2012-11-11,970.0
2012-11-12,980.0
2012-11-13,960.0
2012-11-14,950.0
2012-11-15,930.0
2012-11-16,900.0
2012-11-17,900.0
2012-11-18,925.0
2012-11-19,900.0
2012-11-20,920.0
2012-11-21,950.0
2012-11-22,1000.0
2012-11-23,950.0
2012-11-24,900.0
2012-11-25,900.0
2012-11-26,900.0
2012-11-27,850.0
2012-11-28,850.0
2012-11-29,870.0
2012-11-30,860.0
2012-12-01,850.0
2012-12-02,850.0
2012-12-03,850.0
2012-12-04,855.0
2012-12-05,860.0
2012-12-06,860.0
2012-12-07,860.0
2012-12-08,800.0
2012-12-09,800.0
2012-12-10,800.0
2012-12-11,750.0
2012-12-12,750.0
2012-12-13,750.0
2012-12-14,760.0
2012-12-15,740.0
2012-12-16,700.0
2012-12-17,700.0
2012-12-18,680.0
2012-12-19,650.0
2012-12-20,650.0
2012-12-21,600.0
2012-12-22,600.0
2012-12-23,600.0
2012-12-24,600.0
2012-12-25,550.0
2012-12-26,550.0
2012-12-27,550.0
2012-12-28,550.0
2012-12-29,600.0
2012-12-30,575.0
2012-12-31,550.0
2013-01-01,560.0
2013-01-02,575.0
2013-01-03,575.0
2013-01-04,580.0
2013-01-05,550.0
2013-01-06,560.0
2013-01-07,500.0
2013-01-08,525.0
2013-01-09,550.0
2013-01-10,560.0
2013-01-11,580.0
2013-01-12,550.0
2013-01-13,550.0
2013-01-14,525.0
2013-01-15,500.0
2013-01-16,550.0
2013-01-17,550.0
2013-01-18,540.0
2013-01-19,550.0
2013-01-20,550.0
2013-01-21,550.0
2013-01-22,575.0
2013-01-23,575.0
2013-01-24,565.0
2013-01-25,540.0
2013-01-26,524.9166666439166
2013-01-27,525.0
2013-01-28,550.0
2013-01-29,575.0
2013-01-30,572.4747451280491
2013-01-31,552.248679824192
2013-02-01,550.0
2013-02-02,580.0
2013-02-03,575.0
2013-02-04,585.0
2013-02-05,600.0
2013-02-06,600.0
2013-02-07,625.0
2013-02-08,640.0
2013-02-09,630.0
2013-02-10,650.0
2013-02-11,650.0
2013-02-12,625.0
2013-02-13,600.0
2013-02-14,575.0
2013-02-15,600.0
2013-02-16,625.0
2013-02-17,625.0
2013-02-18,650.0
2013-02-19,650.0
2013-02-20,650.0
2013-02-21,675.0
2013-02-22,675.0
2013-02-23,680.0
2013-02-24,670.0
2013-02-25,650.0
2013-02-26,626.8749992675785
2013-02-27,600.0
2013-02-28,571.2500029296853
2013-03-01,550.0
2013-03-02,550.0
2013-03-03,560.0
2013-03-04,575.0
2013-03-05,600.0
2013-03-06,600.0
2013-03-07,600.0
2013-03-08,585.0
2013-03-09,590.0
2013-03-10,600.0
2013-03-11,600.0
2013-03-12,625.0
2013-03-13,650.0
2013-03-14,663.999999976
2013-03-15,670.0
2013-03-16,670.6666666471111
2013-03-17,664.8148147906721
2013-03-18,650.0
2013-03-19,625.0
2013-03-20,650.0
2013-03-21,630.0
2013-03-22,650.0
2013-03-23,675.0
2013-03-24,650.0
2013-03-25,650.0
2013-03-26,625.0
2013-03-27,632.5
2013-03-28,640.0
2013-03-29,644.6428571198979
2013-03-30,647.4999999765625
2013-03-31,649.1666666527777
2013-04-01,650.0
2013-04-02,650.0
2013-04-03,700.0
2013-04-04,700.0
2013-04-05,700.0
2013-04-06,700.0
2013-04-07,700.0
2013-04-08,702.7777777555556
2013-04-09,710.0
2013-04-10,725.0
2013-04-11,725.0
2013-04-12,800.0
2013-04-13,800.0
2013-04-14,825.0
2013-04-15,825.0
2013-04-16,825.0
2013-04-17,850.0
2013-04-18,875.0
2013-04-19,875.0
2013-04-20,875.0
2013-04-21,852.5
2013-04-22,830.0
2013-04-23,828.00564763768
2013-04-24,839.3055540832072
2013-04-25,854.3660524398385
2013-04-26,869.9658701189239
2013-04-27,884.7136816092075
2013-04-28,897.9102566971292
2013-04-29,909.1657167517807
2013-04-30,918.2454941447024
2013-05-01,925.0
2013-05-02,930.0
2013-05-03,950.0
2013-05-04,950.0
2013-05-05,925.0
2013-05-06,900.0
2013-05-07,925.0
2013-05-08,930.0
2013-05-09,930.0
2013-05-10,950.0
2013-05-11,960.0
2013-05-12,960.0
2013-05-13,975.0
2013-05-14,975.0
2013-05-15,980.0
2013-05-16,975.0
2013-05-17,980.0
2013-05-18,980.0
2013-05-19,980.0
2013-05-20,980.0
2013-05-21,960.0
2013-05-22,900.0
2013-05-23,925.0
2013-05-24,930.0
2013-05-25,925.0
2013-05-26,937.5
2013-05-27,950.0
2013-05-28,950.0
2013-05-29,950.0
2013-05-30,900.0
2013-05-31,930.0
2013-06-01,950.0
2013-06-02,950.0
2013-06-03,950.0
2013-06-04,960.0
2013-06-05,965.0
2013-06-06,970.0
2013-06-07,980.0
2013-06-08,1000.0
2013-06-09,1000.0
2013-06-10,1050.0
2013-06-11,1000.0
2013-06-12,1000.0
2013-06-13,1000.0
2013-06-14,1000.0
2013-06-15,1050.0
2013-06-16,1025.0
2013-06-17,1000.0
2013-06-18,1000.0
2013-06-19,980.0
2013-06-20,1000.0
2013-06-21,1000.0
2013-06-22,1050.0
2013-06-23,1050.0
2013-06-24,1050.0
2013-06-25,1050.0
2013-06-26,1050.0
2013-06-27,1050.0
2013-06-28,1050.0
2013-06-29,1050.0
2013-06-30,1057.5
2013-07-01,1065.0
2013-07-02,1070.0
2013-07-03,1075.0
2013-07-04,1100.0
2013-07-05,1100.0
2013-07-06,1100.0
2013-07-07,1100.0
2013-07-08,1100.0
2013-07-09,1090.0
2013-07-10,1080.0
2013-07-11,1060.0
2013-07-12,1050.0
2013-07-13,1060.0
2013-07-14,1060.0
2013-07-15,1050.0
2013-07-16,1050.0
2013-07-17,1000.0
2013-07-18,1000.0
2013-07-19,1000.0
2013-07-20,1000.0
2013-07-21,1020.0
2013-07-22,1040.0
2013-07-23,1000.0
2013-07-24,1050.0
2013-07-25,1000.0
2013-07-26,1000.0
2013-07-27,989.2857142653061
2013-07-28,968.1818181570247
2013-07-29,938.0434782438564
2013-07-30,900.0
2013-07-31,850.0
2013-08-01,800.0
2013-08-02,800.0
2013-08-03,800.0
2013-08-04,791.6666666416667
2013-08-05,775.0
2013-08-06,750.0
2013-08-07,700.0
2013-08-08,700.0
2013-08-09,750.0
2013-08-10,780.0
2013-08-11,800.0
2013-08-12,800.0
2013-08-13,800.0
2013-08-14,825.0
2013-08-15,841.6666666416667
2013-08-16,850.0
2013-08-17,850.0
2013-08-18,850.0
2013-08-19,860.0
2013-08-20,850.0
2013-08-21,850.0
2013-08-22,850.0
2013-08-23,800.0
2013-08-24,800.0
2013-08-25,850.0
2013-08-26,900.0
2013-08-27,900.0
2013-08-28,900.0
2013-08-29,910.0
2013-08-30,915.0
2013-08-31,925.0
2013-09-01,900.0
2013-09-02,900.0
2013-09-03,900.0
2013-09-04,915.0
2013-09-05,925.0
2013-09-06,925.0
2013-09-07,925.0
2013-09-08,925.0
2013-09-09,925.0
2013-09-10,850.0
2013-09-11,850.0
2013-09-12,840.0
2013-09-13,855.0
2013-09-14,875.0
2013-09-15,900.0
2013-09-16,900.0
2013-09-17,900.0
2013-09-18,910.0
2013-09-19,915.0
2013-09-20,900.0
2013-09-21,890.7211523899771
2013-09-22,887.5
2013-09-23,885.6250030381966
2013-09-24,875.0
2013-09-25,850.0
2013-09-26,850.0
2013-09-27,850.0
2013-09-28,850.0
2013-09-29,850.0
2013-09-30,850.0
2013-10-01,850.0
2013-10-02,847.2222222
2013-10-03,840.0
2013-10-04,825.0
2013-10-05,825.0
2013-10-06,830.0
2013-10-07,850.0
2013-10-08,800.0
2013-10-09,800.0
2013-10-10,825.0
2013-10-11,850.0
2013-10-12,850.0
2013-10-13,850.0
2013-10-14,860.0
2013-10-15,850.0
2013-10-16,850.0
2013-10-17,875.0
2013-10-18,900.0
2013-10-19,900.0
2013-10-20,919.99999998125
2013-10-21,959.999999975
2013-10-22,1019.99999998125
2013-10-23,1100.0
2013-10-24,1200.0
2013-10-25,1250.0
2013-10-26,1300.0
2013-10-27,1350.0
2013-10-28,1400.0
2013-10-29,1350.0
2013-10-30,1350.0
2013-10-31,1360.0
2013-11-01,1350.0
2013-11-02,1350.0
2013-11-03,1300.0
2013-11-04,1325.0
2013-11-05,1360.0
2013-11-06,1375.0
2013-11-07,1400.0
2013-11-08,1500.0
2013-11-09,1500.0
2013-11-10,1550.0
2013-11-11,1550.0
2013-11-12,1550.0
2013-11-13,1500.0
2013-11-14,1450.0
2013-11-15,1500.0
2013-11-16,1500.0
2013-11-17,1500.0
2013-11-18,1550.0
2013-11-19,1560.0
2013-11-20,1500.0
2013-11-21,1461.111109567901
2013-11-22,1440.740743484226
2013-11-23,1400.0
2013-11-24,1300.0
2013-11-25,1300.0
2013-11-26,1300.0
2013-11-27,1300.0
2013-11-28,1300.0
2013-11-29,1300.0
2013-11-30,1275.0
2013-12-01,1250.0
2013-12-02,1250.0
2013-12-03,1200.0
2013-12-04,1200.0
2013-12-05,1200.0
2013-12-06,1200.0
2013-12-07,1300.0
2013-12-08,1200.0
2013-12-09,1100.0
2013-12-10,1100.0
2013-12-11,1150.0
2013-12-12,1150.0
2013-12-13,1150.0
2013-12-14,1150.0
2013-12-15,1150.0
2013-12-16,1100.0
2013-12-17,1100.0
2013-12-18,1000.0
2013-12-19,1000.0
2013-12-20,1000.0
2013-12-21,1000.0
2013-12-22,989.99999998125
2013-12-23,969.999999975
2013-12-24,939.99999998125
2013-12-25,900.0
2013-12-26,850.0
2013-12-27,850.0
2013-12-28,843.5374149455782
2013-12-29,830.9523809273809
2013-12-30,814.2857142634921
2013-12-31,794.7619047459048
2014-01-01,773.1601731519087
2014-01-02,750.0
2014-01-03,725.0
2014-01-04,775.0
2014-01-05,762.5
2014-01-06,750.0
2014-01-07,740.0
2014-01-08,740.0
2014-01-09,760.0
2014-01-10,770.0
2014-01-11,770.0
2014-01-12,775.0
2014-01-13,775.0
2014-01-14,760.0
2014-01-15,750.0
2014-01-16,760.0
2014-01-17,750.0
2014-01-18,770.0
2014-01-19,750.0
2014-01-20,750.0
2014-01-21,700.0
2014-01-22,700.0
2014-01-23,750.0
2014-01-24,730.0
2014-01-25,750.0
2014-01-26,740.0
2014-01-27,740.0
2014-01-28,730.0
2014-01-29,675.0
2014-01-30,650.0
2014-01-31,650.0
2014-02-01,650.0
2014-02-02,650.0
2014-02-03,600.0
2014-02-04,600.0
2014-02-05,600.0
2014-02-06,600.0
2014-02-07,600.0
2014-02-08,615.0
2014-02-09,615.0
2014-02-10,615.0
2014-02-11,650.0
2014-02-12,630.0
2014-02-13,600.0
2014-02-14,600.0
2014-02-15,600.0
2014-02-16,650.0
2014-02-17,675.0
2014-02-18,650.0
2014-02-19,650.0
2014-02-20,675.0
2014-02-21,675.0
2014-02-22,675.0
2014-02-23,675.0
2014-02-24,680.0
2014-02-25,680.0
2014-02-26,700.0
2014-02-27,725.0
2014-02-28,750.0
2014-03-01,760.0
2014-03-02,750.0
2014-03-03,750.0
2014-03-04,775.0
2014-03-05,800.0
2014-03-06,800.0
2014-03-07,825.0
2014-03-08,860.0
2014-03-09,860.0
2014-03-10,860.0
2014-03-11,900.0
2014-03-12,925.0
2014-03-13,875.0
2014-03-14,850.0
2014-03-15,845.4545454347108
2014-03-16,850.0
2014-03-17,862.5
2014-03-18,875.0
2014-03-19,875.0
2014-03-20,900.0
2014-03-21,900.0
2014-03-22,907.5
2014-03-23,915.0
2014-03-24,915.0
2014-03-25,915.0
2014-03-26,915.0
2014-03-27,900.0
2014-03-28,900.0
2014-03-29,907.4074046639151
2014-03-30,917.3611126543244
2014-03-31,925.0
2014-04-01,929.0624987847243
2014-04-02,930.6060631772206
2014-04-03,935.0
2014-04-04,950.0
2014-04-05,950.0
2014-04-06,962.49999998125
2014-04-07,1000.0
2014-04-08,1100.0
2014-04-09,1100.0
2014-04-10,1150.0
2014-04-11,1160.0
2014-04-12,1150.0
2014-04-13,1150.0
2014-04-14,1166.6666666416668
2014-04-15,1200.0
2014-04-16,1250.0
2014-04-17,1257.999999991
2014-04-18,1260.0
2014-04-19,1260.0
2014-04-20,1270.0
2014-04-21,1270.0
2014-04-22,1265.0
2014-04-23,1260.0
2014-04-24,1300.0
2014-04-25,1300.0
2014-04-26,1299.2403623078862
2014-04-27,1297.513226964531
2014-04-28,1295.0
2014-04-29,1292.0634932980588
2014-04-30,1289.5502672937453
2014-05-01,1290.0
2014-05-02,1295.0
2014-05-03,1300.0
2014-05-04,1325.0
2014-05-05,1340.0
2014-05-06,1340.0
2014-05-07,1350.0
2014-05-08,1370.0
2014-05-09,1400.0
2014-05-10,1400.0
2014-05-11,1400.0
2014-05-12,1425.0
2014-05-13,1400.0
2014-05-14,1400.0
2014-05-15,1390.0
2014-05-16,1400.0
2014-05-17,1400.0
2014-05-18,1400.0
2014-05-19,1400.0
2014-05-20,1420.0
2014-05-21,1425.0
2014-05-22,1450.0
2014-05-23,1460.0
2014-05-24,1460.0
2014-05-25,1450.0
2014-05-26,1450.0
2014-05-27,1445.0
2014-05-28,1440.0
2014-05-29,1450.0
2014-05-30,1455.0
2014-05-31,1460.0
2014-06-01,1465.0
2014-06-02,1470.0
2014-06-03,1450.0
2014-06-04,1450.0
2014-06-05,1400.0
2014-06-06,1400.0
2014-06-07,1400.0
2014-06-08,1425.0
2014-06-09,1425.0
2014-06-10,1400.0
2014-06-11,1450.0
2014-06-12,1460.0
2014-06-13,1475.0
2014-06-14,1470.0
2014-06-15,1470.0
2014-06-16,1475.0
2014-06-17,1480.0
2014-06-18,1500.0
2014-06-19,1500.0
2014-06-20,1530.0
2014-06-21,1549.999999975
2014-06-22,1560.0
2014-06-23,1560.0
2014-06-24,1570.877190827945
2014-06-25,1589.4117673971577
2014-06-26,1600.0
2014-06-27,1590.0
2014-06-28,1580.0
2014-06-29,1575.0
2014-06-30,1550.0
2014-07-01,1600.0
2014-07-02,1550.0
2014-07-03,1562.5
2014-07-04,1575.0
2014-07-05,1550.0
2014-07-06,1600.0
2014-07-07,1600.0
2014-07-08,1590.0
2014-07-09,1640.0
2014-07-10,1650.0
2014-07-11,1655.0
2014-07-12,1660.0
2014-07-13,1675.0
2014-07-14,1680.0
2014-07-15,1675.0
2014-07-16,1680.0
2014-07-17,1650.0
2014-07-18,1660.0
2014-07-19,1675.0
2014-07-20,1650.0
2014-07-21,1650.0
2014-07-22,1700.0
2014-07-23,1700.0
2014-07-24,1725.0
2014-07-25,1750.0
2014-07-26,1800.0
2014-07-27,1760.0
2014-07-28,1750.0
2014-07-29,1700.0
2014-07-30,1725.0
2014-07-31,1737.52638896001
2014-08-01,1734.833023110894
2014-08-02,1721.4678174453938
2014-08-03,1703.0924619822956
2014-08-04,1686.8456092491392
2014-08-05,1681.8580937228921
2014-08-06,1700.0
2014-08-07,1740.0
2014-08-08,1690.0
2014-08-09,1725.0
2014-08-10,1750.0
2014-08-11,1750.0
2014-08-12,1775.0
2014-08-13,1750.0
2014-08-14,1800.0
2014-08-15,1821.4285714040816
2014-08-16,1820.0
2014-08-17,1800.0
2014-08-18,1770.0
2014-08-19,1775.0
2014-08-20,1800.0
2014-08-21,1825.0
2014-08-22,1850.0
2014-08-23,1850.0
2014-08-24,1800.0
2014-08-25,1750.0
2014-08-26,1720.0
2014-08-27,1700.0
2014-08-28,1650.0
2014-08-29,1710.0
2014-08-30,1715.0
2014-08-31,1715.0
2014-09-01,1750.0
2014-09-02,1755.1851851679012
2014-09-03,1750.0
2014-09-04,1740.0
2014-09-05,1700.0
2014-09-06,1673.0261944125616
2014-09-07,1660.1914962442122
2014-09-08,1656.9426336125562
2014-09-09,1660.491889039161
2014-09-10,1669.036970759199
2014-09-11,1681.3609467264957
2014-09-12,1696.6124455096317
2014-09-13,1714.1779788713181
2014-09-14,1733.604282306376
2014-09-15,1754.549214220598
2014-09-16,1776.7496687679984
2014-09-17,1800.0
2014-09-18,1825.0
2014-09-19,1850.0
2014-09-20,1845.0
2014-09-21,1875.0
2014-09-22,1900.0
2014-09-23,1950.0
2014-09-24,2000.0
2014-09-25,1950.0
2014-09-26,1900.0
2014-09-27,2000.0
2014-09-28,2025.0
2014-09-29,2050.0
2014-09-30,2025.0
2014-10-01,2000.0
2014-10-02,2025.0
2014-10-03,2050.0
2014-10-04,2025.0
2014-10-05,2000.0
2014-10-06,1980.0
2014-10-07,1975.0
2014-10-08,1980.0
2014-10-09,1980.0
2014-10-10,1950.0
2014-10-11,1975.0
2014-10-12,1980.0
2014-10-13,2040.0
2014-10-14,2025.0
2014-10-15,2100.0
2014-10-16,2100.0
2014-10-17,2080.0
2014-10-18,2120.0
2014-10-19,2100.0
2014-10-20,2175.0
2014-10-21,2200.0
2014-10-22,2200.0
2014-10-23,2200.0
2014-10-24,2197.2222222
2014-10-25,2190.0
2014-10-26,2175.0
2014-10-27,2180.0
2014-10-28,2184.626398876953
2014-10-29,2188.750879539639
2014-10-30,2192.386621159651
2014-10-31,2195.551020243232
2014-11-01,2198.267524254918
2014-11-02,2200.568513026035
2014-11-03,2202.5
2014-11-04,2204.1296520034184
2014-11-05,2205.561224833403
2014-11-06,2206.9623240008477
2014-11-07,2208.622449916701
2014-11-08,2211.088436646767
2014-11-09,2215.5320713382603
2014-11-10,2225.0
2014-11-11,2240.0
2014-11-12,2250.0
2014-11-13,2100.0
2014-11-14,2000.0
2014-11-15,2000.0
2014-11-16,1900.0
2014-11-17,1900.0
2014-11-18,1900.0
2014-11-19,1925.0
2014-11-20,1850.0
2014-11-21,1850.0
2014-11-22,1825.0
2014-11-23,1800.0
2014-11-24,1750.0
2014-11-25,1700.0
2014-11-26,1700.0
2014-11-27,1725.0
2014-11-28,1708.8970587999136
2014-11-29,1657.99999997725
2014-11-30,1585.9239130305766
2014-12-01,1500.0
2014-12-02,1400.0
2014-12-03,1300.0
2014-12-04,1100.0
2014-12-05,1050.0
2014-12-06,1050.0
2014-12-07,1000.0
2014-12-08,1000.0
2014-12-09,950.0
2014-12-10,900.0
2014-12-11,850.0
2014-12-12,850.0
2014-12-13,900.0
2014-12-14,900.0
2014-12-15,900.0
2014-12-16,900.0
2014-12-17,800.0
2014-12-18,750.0
2014-12-19,700.0
2014-12-20,675.0
2014-12-21,675.0
2014-12-22,675.0
2014-12-23,662.5
2014-12-24,650.0
2014-12-25,650.0
2014-12-26,625.0
2014-12-27,640.0
2014-12-28,630.0
2014-12-29,630.0
2014-12-30,640.0
2014-12-31,650.0
2015-01-01,675.0
2015-01-02,700.0
2015-01-03,725.0
2015-01-04,700.0
2015-01-05,700.0
2015-01-06,715.0
2015-01-07,740.0
2015-01-08,650.0
2015-01-09,600.0
2015-01-10,625.0
2015-01-11,625.0
2015-01-12,650.0
2015-01-13,650.0
2015-01-14,640.0
2015-01-15,650.0
2015-01-16,650.0
2015-01-17,650.0
2015-01-18,600.0
2015-01-19,620.0
2015-01-20,640.0
2015-01-21,650.0
2015-01-22,660.0
2015-01-23,675.0
2015-01-24,700.0
2015-01-25,680.0
2015-01-26,690.0
2015-01-27,700.0
2015-01-28,675.0
2015-01-29,700.0
2015-01-30,714.0624999753907
2015-01-31,715.0
2015-02-01,700.0
2015-02-02,687.1212121129477
2015-02-03,676.1904761700681
2015-02-04,675.0
2015-02-05,700.0
2015-02-06,700.0
2015-02-07,690.0
2015-02-08,680.0
2015-02-09,675.0
2015-02-10,675.0
2015-02-11,600.0
2015-02-12,575.0
2015-02-13,600.0
2015-02-14,610.0
2015-02-15,625.0
2015-02-16,625.0
2015-02-17,600.0
2015-02-18,600.0
2015-02-19,600.0
2015-02-20,625.0
2015-02-21,600.0
2015-02-22,580.0
2015-02-23,575.0
2015-02-24,625.0
2015-02-25,630.0
2015-02-26,600.0
2015-02-27,615.0
2015-02-28,600.0
2015-03-01,600.0
2015-03-02,610.0
2015-03-03,600.0
2015-03-04,600.0
2015-03-05,600.0
2015-03-06,600.0
2015-03-07,600.0
2015-03-08,625.0
2015-03-09,625.0
2015-03-10,630.0
2015-03-11,650.0
2015-03-12,600.0
2015-03-13,625.0
2015-03-14,635.999999979
2015-03-15,640.0
2015-03-16,640.0
2015-03-17,650.0
2015-03-18,650.0
2015-03-19,630.0
2015-03-20,650.0
2015-03-21,600.0
2015-03-22,575.0
2015-03-23,575.0
2015-03-24,575.0
2015-03-25,575.0
2015-03-26,537.5
2015-03-27,500.0
2015-03-28,475.0
2015-03-29,475.0
2015-03-30,475.0
2015-03-31,460.0
2015-04-01,465.0
2015-04-02,475.0
2015-04-03,475.0
2015-04-04,475.0
2015-04-05,480.0
2015-04-06,500.0
2015-04-07,500.0
2015-04-08,500.0
2015-04-09,525.0
2015-04-10,525.0
2015-04-11,550.0
2015-04-12,550.0
2015-04-13,550.0
2015-04-14,553.5999980799985
2015-04-15,560.7999990399992
2015-04-16,569.2000009600008
2015-04-17,576.4000019200015
2015-04-18,580.0
2015-04-19,580.0
2015-04-20,570.0
2015-04-21,575.0
2015-04-22,600.0
2015-04-23,600.0
2015-04-24,600.0
2015-04-25,600.0
2015-04-26,550.0
2015-04-27,600.0
2015-04-28,575.0
2015-04-29,600.0
2015-04-30,600.0
2015-05-01,600.0
2015-05-02,610.0
2015-05-03,600.0
2015-05-04,600.0
2015-05-05,610.0
2015-05-06,625.0
2015-05-07,625.0
2015-05-08,625.0
2015-05-09,580.0
2015-05-10,575.0
2015-05-11,550.0
2015-05-12,575.0
2015-05-13,600.0
2015-05-14,625.0
2015-05-15,640.0
2015-05-16,640.0
2015-05-17,600.0
2015-05-18,600.0
2015-05-19,600.0
2015-05-20,580.0
2015-05-21,575.0
2015-05-22,575.0
2015-05-23,600.0
2015-05-24,600.0
2015-05-25,610.0
2015-05-26,615.0
2015-05-27,625.0
2015-05-28,625.0
2015-05-29,625.0
2015-05-30,625.0
2015-05-31,622.5
2015-06-01,620.0
2015-06-02,620.0
2015-06-03,630.0
2015-06-04,630.0
2015-06-05,640.0
2015-06-06,650.0
2015-06-07,650.0
2015-06-08,660.0
2015-06-09,660.0
2015-06-10,675.0
2015-06-11,680.0
2015-06-12,680.0
2015-06-13,681.3333333173334
2015-06-14,684.1666666416667
2015-06-15,690.0
2015-06-16,700.0
2015-06-17,700.0
2015-06-18,700.0
2015-06-19,710.0
2015-06-20,700.0
2015-06-21,725.0
2015-06-22,740.0
2015-06-23,740.0
2015-06-24,750.0
2015-06-25,750.0
2015-06-26,750.0
2015-06-27,755.0
2015-06-28,752.5
2015-06-29,750.0
2015-06-30,760.0
2015-07-01,775.0
2015-07-02,800.0
2015-07-03,800.0
2015-07-04,800.0
2015-07-05,800.0
2015-07-06,800.0
2015-07-07,775.0
2015-07-08,792.5
2015-07-09,810.0
2015-07-10,815.0
2015-07-11,820.0
2015-07-12,825.0
2015-07-13,825.0
2015-07-14,825.0
2015-07-15,800.0
2015-07-16,800.0
2015-07-17,800.0
2015-07-18,800.0
2015-07-19,810.0
2015-07-20,810.0
2015-07-21,810.0
2015-07-22,800.0
2015-07-23,800.0
2015-07-24,820.0
2015-07-25,850.0
2015-07-26,825.0
2015-07-27,825.0
2015-07-28,830.0
2015-07-29,830.0
2015-07-30,840.0
2015-07-31,825.0
2015-08-01,800.0
2015-08-02,800.0
2015-08-03,825.0
2015-08-04,825.0
2015-08-05,825.0
2015-08-06,830.0
2015-08-07,850.0
2015-08-08,850.0
2015-08-09,840.0
2015-08-10,850.0
2015-08-11,850.0
2015-08-12,850.0
2015-08-13,860.0
2015-08-14,860.0
2015-08-15,849.4999976562513
2015-08-16,830.0
2015-08-17,810.5000023437487
2015-08-18,800.0
2015-08-19,800.0
2015-08-20,800.0
2015-08-21,800.0
2015-08-22,800.0
2015-08-23,800.0
2015-08-24,800.0
2015-08-25,800.0
2015-08-26,807.4074054869645
2015-08-27,817.7777805432167
2015-08-28,825.0
2015-08-29,825.0
2015-08-30,825.0
2015-08-31,830.0
2015-09-01,840.0
2015-09-02,840.0
2015-09-03,840.0
2015-09-04,850.0
2015-09-05,850.0
2015-09-06,850.0
2015-09-07,860.0
2015-09-08,860.0
2015-09-09,875.0
2015-09-10,875.0
2015-09-11,875.0
2015-09-12,879.374997656247
2015-09-13,887.5
2015-09-14,895.625002343753
2015-09-15,900.0
2015-09-16,900.0
2015-09-17,900.0
2015-09-18,900.0
2015-09-19,900.0
2015-09-20,872.2222197530875
2015-09-21,827.7777802469125
2015-09-22,800.0
2015-09-23,800.0
2015-09-24,800.0
2015-09-25,750.0
2015-09-26,700.0
2015-09-27,720.0
2015-09-28,720.0
2015-09-29,725.0
2015-09-30,725.0
2015-10-01,700.0
2015-10-02,712.5
2015-10-03,725.0
2015-10-04,735.4166666527778
2015-10-05,744.444444419753
2015-10-06,750.0
2015-10-07,750.0
2015-10-08,760.0
2015-10-09,770.0
2015-10-10,800.0
2015-10-11,825.0
2015-10-12,825.0
2015-10-13,900.0
2015-10-14,900.0
2015-10-15,900.0
2015-10-16,910.0
2015-10-17,905.0
2015-10-18,900.0
2015-10-19,900.0
2015-10-20,900.0
2015-10-21,872.2222197530875
2015-10-22,827.7777802469125
2015-10-23,800.0
2015-10-24,800.0
2015-10-25,800.0
2015-10-26,800.0
2015-10-27,800.0
2015-10-28,825.0
2015-10-29,840.0
2015-10-30,900.0
2015-10-31,955.5555555416666
2015-11-01,1000.0
2015-11-02,1000.0
2015-11-03,1000.0
2015-11-04,950.0
2015-11-05,950.0
2015-11-06,950.0
2015-11-07,937.5
2015-11-08,925.0
2015-11-09,975.0
2015-11-10,950.0
2015-11-11,900.0
2015-11-12,888.8888888666667
2015-11-13,900.0
2015-11-14,925.0
2015-11-15,930.0
2015-11-16,930.0
2015-11-17,940.0
2015-11-18,940.0
2015-11-19,900.0
2015-11-20,900.0
2015-11-21,900.0
2015-11-22,900.0
2015-11-23,900.0
2015-11-24,900.0
2015-11-25,900.0
2015-11-26,900.0
2015-11-27,850.0
2015-11-28,852.5
2015-11-29,855.0
2015-11-30,850.0
2015-12-01,800.0
2015-12-02,800.0
2015-12-03,800.0
2015-12-04,775.0
2015-12-05,750.0
2015-12-06,700.0
2015-12-07,700.0
2015-12-08,700.0
2015-12-09,700.0
2015-12-10,700.0
2015-12-11,650.0
2015-12-12,662.5
2015-12-13,675.0
2015-12-14,675.0
2015-12-15,600.0
2015-12-16,625.0
2015-12-17,625.0
2015-12-18,612.5
2015-12-19,600.0
2015-12-20,600.0
2015-12-21,625.0
2015-12-22,625.0
2015-12-23,650.0
2015-12-24,625.0
2015-12-25,600.0
2015-12-26,625.0
2015-12-27,600.0
2015-12-28,600.0
2015-12-29,600.0
2015-12-30,610.0
2015-12-31,620.0
2016-01-01,600.0
2016-01-02,600.0
2016-01-03,596.6666666506667
2016-01-04,589.5833333083334
2016-01-05,575.0
2016-01-06,550.0
2016-01-07,550.0
2016-01-08,500.0
2016-01-09,550.0
2016-01-10,550.0
2016-01-11,550.0
2016-01-12,600.0
2016-01-13,600.0
2016-01-14,603.3333333083333
2016-01-15,610.0
2016-01-16,620.0
2016-01-17,600.0
2016-01-18,600.0
2016-01-19,575.0
2016-01-20,560.9999989199998
2016-01-21,559.8571421518367
2016-01-22,566.0000009600002
2016-01-23,569.4000027648005
2016-01-24,550.0
2016-01-25,500.0
2016-01-26,500.0
2016-01-27,500.0
2016-01-28,500.0
2016-01-29,500.0
2016-01-30,550.0
2016-01-31,500.0
2016-02-01,475.0
2016-02-02,437.5
2016-02-03,400.0
2016-02-04,400.0
2016-02-05,400.0
2016-02-06,425.0
2016-02-07,440.0
2016-02-08,450.0
2016-02-09,400.0
2016-02-10,470.0
2016-02-11,489.39999998944
2016-02-12,500.0
2016-02-13,505.0
2016-02-14,510.0
2016-02-15,525.0
2016-02-16,600.0
2016-02-17,600.0
2016-02-18,650.0
2016-02-19,700.0
2016-02-20,750.0
2016-02-21,700.0
2016-02-22,700.0
2016-02-23,700.0
2016-02-24,700.0
2016-02-25,675.0
2016-02-26,700.0
2016-02-27,750.0
2016-02-28,737.5
2016-02-29,725.0
2016-03-01,750.0
2016-03-02,755.0
2016-03-03,760.0
2016-03-04,780.0
2016-03-05,785.0
2016-03-06,790.0
2016-03-07,800.0
2016-03-08,800.0
2016-03-09,800.0
2016-03-10,812.5
2016-03-11,825.0
2016-03-12,800.0
2016-03-13,800.0
2016-03-14,800.0
2016-03-15,800.0
2016-03-16,800.0
2016-03-17,775.0
2016-03-18,775.0
2016-03-19,775.0
2016-03-20,800.0
2016-03-21,800.0
2016-03-22,800.0
2016-03-23,800.0
2016-03-24,800.0
2016-03-25,800.0
2016-03-26,800.0
2016-03-27,800.0
2016-03-28,800.0
2016-03-29,810.0
2016-03-30,820.0
2016-03-31,820.0
2016-04-01,820.0
2016-04-02,825.0
2016-04-03,825.0
2016-04-04,825.0
2016-04-05,825.0
2016-04-06,825.0
2016-04-07,830.0
2016-04-08,862.5
2016-04-09,895.0
2016-04-10,900.0
2016-04-11,900.0
2016-04-12,1000.0
2016-04-13,1000.0
2016-04-14,1000.0
2016-04-15,1000.0
2016-04-16,1000.0
2016-04-17,1000.0
2016-04-18,1000.0
2016-04-19,1025.0
2016-04-20,1050.0
2016-04-21,1000.0
2016-04-22,1000.0
2016-04-23,1025.0
2016-04-24,1025.0
2016-04-25,1050.0
2016-04-26,1000.0
2016-04-27,1000.0
2016-04-28,1000.0
2016-04-29,1000.0
2016-04-30,1025.0
2016-05-01,1040.0
2016-05-02,1040.0
2016-05-03,1050.0
2016-05-04,1050.0
2016-05-05,1050.0
2016-05-06,1100.0
2016-05-07,1100.0
2016-05-08,1100.0
2016-05-09,1100.0
2016-05-10,1080.0
2016-05-11,1100.0
2016-05-12,1100.0
2016-05-13,1150.0
2016-05-14,1150.0
2016-05-15,1175.0
2016-05-16,1175.0
2016-05-17,1200.0
2016-05-18,1200.0
2016-05-19,1200.0
2016-05-20,1200.0
2016-05-21,1200.0
2016-05-22,1200.0
2016-05-23,1200.0
2016-05-24,1180.0
2016-05-25,1175.0
2016-05-26,1175.0
2016-05-27,1200.0
2016-05-28,1225.0
2016-05-29,1225.0
2016-05-30,1200.0
2016-05-31,1225.0
2016-06-01,1230.0
2016-06-02,1200.0
2016-06-03,1200.0
2016-06-04,1200.0
2016-06-05,1225.0
2016-06-06,1225.0
2016-06-07,1250.0
2016-06-08,1250.0
2016-06-09,1250.0
2016-06-10,1275.0
2016-06-11,1300.0
2016-06-12,1300.0
2016-06-13,1300.0
2016-06-14,1300.0
2016-06-15,1310.0
2016-06-16,1350.0
2016-06-17,1350.0
2016-06-18,1350.0
2016-06-19,1350.0
2016-06-20,1350.0
2016-06-21,1362.5
2016-06-22,1375.0
2016-06-23,1375.0
2016-06-24,1400.0
2016-06-25,1400.0
2016-06-26,1400.0
2016-06-27,1400.0
2016-06-28,1375.0
2016-06-29,1400.0
2016-06-30,1400.0
2016-07-01,1400.0
2016-07-02,1425.0
2016-07-03,1425.0
2016-07-04,1425.0
2016-07-05,1430.0
2016-07-06,1450.0
2016-07-07,1450.0
2016-07-08,1450.0
2016-07-09,1450.0
2016-07-10,1460.0
2016-07-11,1475.0
2016-07-12,1500.0
2016-07-13,1500.0
2016-07-14,1500.0
2016-07-15,1500.0
2016-07-16,1500.0
2016-07-17,1500.0
2016-07-18,1550.0
2016-07-19,1575.0
2016-07-20,1575.0
2016-07-21,1600.0
2016-07-22,1605.0
2016-07-23,1610.0
2016-07-24,1625.0
2016-07-25,1625.0
2016-07-26,1650.0
2016-07-27,1650.0
2016-07-28,1675.0
2016-07-29,1695.9615384402366
2016-07-30,1710.0
2016-07-31,1705.0
2016-08-01,1700.0
2016-08-02,1725.0
2016-08-03,1750.0
2016-08-04,1750.0
2016-08-05,1748.737072709672
2016-08-06,1745.6576062740382
2016-08-07,1740.8654029299735
2016-08-08,1734.4642649143523
2016-08-09,1726.5579944640492
2016-08-10,1717.2503938159389
2016-08-11,1706.6452652068958
2016-08-12,1694.8464108737949
2016-08-13,1681.9576330535103
2016-08-14,1668.082733982917
2016-08-15,1653.3255158988898
2016-08-16,1637.7897810383029
2016-08-17,1621.5793316380307
2016-08-18,1604.7979699349485
2016-08-19,1587.5494981659301
2016-08-20,1569.9377185678509
2016-08-21,1552.0664333775853
2016-08-22,1534.0394448320073
2016-08-23,1515.9605551679927
2016-08-24,1497.9335666224147
2016-08-25,1480.0622814321491
2016-08-26,1462.4505018340699
2016-08-27,1445.2020300650518
2016-08-28,1428.4206683619693
2016-08-29,1412.2102189616971
2016-08-30,1396.6744841011102
2016-08-31,1381.917266017083
2016-09-01,1368.04236694649
2016-09-02,1355.1535891262051
2016-09-03,1343.3547347931042
2016-09-04,1332.7496061840611
2016-09-05,1323.4420055359508
2016-09-06,1315.5357350856477
2016-09-07,1309.1345970700265
2016-09-08,1304.3423937259618
2016-09-09,1301.262927290328
2016-09-10,1300.0
2016-09-11,1300.0
2016-09-12,1325.0
2016-09-13,1300.0
2016-09-14,1350.0
2016-09-15,1350.0
2016-09-16,1400.0
2016-09-17,1412.028985490233
2016-09-18,1414.6666666576668
2016-09-19,1416.315789468698
2016-09-20,1417.6576576550278
2016-09-21,1418.8644688633822
2016-09-22,1420.0
2016-09-23,1419.9233704144103
2016-09-24,1418.0645147801295
2016-09-25,1415.1515142332419
2016-09-26,1411.7460314436887
2016-09-27,1408.288288558829
2016-09-28,1405.1282057856672
2016-09-29,1402.5474262454002
2016-09-30,1400.775194359313
2016-10-01,1400.0
2016-10-02,1400.0
2016-10-03,1400.0
2016-10-04,1385.5555527901267
2016-10-05,1364.814816735252
2016-10-06,1350.0
2016-10-07,1348.9010967274478
2016-10-08,1357.373270360381
2016-10-09,1369.047618594104
2016-10-10,1380.6620212555697
2016-10-11,1390.3726715018713
2016-10-12,1397.0588240943437
2016-10-13,1400.0
2016-10-14,1400.0
2016-10-15,1400.0
2016-10-16,1398.4374992675787
2016-10-17,1395.0
2016-10-18,1390.625002929683
2016-10-19,1390.0
2016-10-20,1400.0
2016-10-21,1400.0
2016-10-22,1450.0
2016-10-23,1375.0
2016-10-24,1375.0
2016-10-25,1350.0
2016-10-26,1360.0
2016-10-27,1365.0
2016-10-28,1375.0
2016-10-29,1375.0
2016-10-30,1375.0
2016-10-31,1375.0
2016-11-01,1375.0
2016-11-02,1375.0
2016-11-03,1350.0
2016-11-04,1350.0
2016-11-05,1300.0
2016-11-06,1300.0
2016-11-07,1325.0
2016-11-08,1285.0
2016-11-09,1250.0
2016-11-10,1250.0
2016-11-11,1280.0
2016-11-12,1310.0
2016-11-13,1280.0
2016-11-14,1286.767674114885
2016-11-15,1312.685187414267
2016-11-16,1320.0
2016-11-17,1300.0
2016-11-18,1250.0
2016-11-19,1200.0
2016-11-20,1250.0
2016-11-21,1200.0
2016-11-22,1225.0
2016-11-23,1150.0
2016-11-24,1075.0
2016-11-25,1000.0
2016-11-26,1000.0
2016-11-27,950.0
2016-11-28,950.0
2016-11-29,929.1666666416667
2016-11-30,893.3333333173334
2016-12-01,850.0
2016-12-02,800.0
2016-12-03,750.0
2016-12-04,700.0
2016-12-05,650.0
2016-12-06,600.0
2016-12-07,600.0
2016-12-08,600.0
2016-12-09,600.0
2016-12-10,600.0
2016-12-11,600.0
2016-12-12,575.0
2016-12-13,600.0
2016-12-14,550.0
2016-12-15,550.0
2016-12-16,550.0
2016-12-17,550.0
2016-12-18,500.0
2016-12-19,500.0
2016-12-20,550.0
2016-12-21,550.0
2016-12-22,550.0
2016-12-23,560.0
2016-12-24,500.0
2016-12-25,475.0
2016-12-26,450.0
2016-12-27,450.0
2016-12-28,400.0
2016-12-29,400.0
2016-12-30,400.0
2016-12-31,400.0
2017-01-01,450.0
2017-01-02,500.0
2017-01-03,500.0
2017-01-04,500.0
2017-01-05,500.0
2017-01-06,480.0
2017-01-07,450.0
2017-01-08,500.0
2017-01-09,500.0
2017-01-10,420.0
2017-01-11,400.0
2017-01-12,450.0
2017-01-13,475.0
2017-01-14,490.0
2017-01-15,500.0
2017-01-16,500.0
2017-01-17,500.0
2017-01-18,525.0
2017-01-19,500.0
2017-01-20,550.0
2017-01-21,525.0
2017-01-22,500.0
2017-01-23,510.0
2017-01-24,550.0
2017-01-25,500.0
2017-01-26,497.2972953798391
2017-01-27,540.0
2017-01-28,587.0967769250783
2017-01-29,580.0
2017-01-30,500.0
2017-01-31,500.0
2017-02-01,500.0
2017-02-02,525.0
2017-02-03,500.0
2017-02-04,500.0
2017-02-05,520.0
2017-02-06,550.0
2017-02-07,550.0
2017-02-08,550.0
2017-02-09,575.0
2017-02-10,600.0
2017-02-11,600.0
2017-02-12,600.0
2017-02-13,600.0
2017-02-14,600.0
2017-02-15,600.0
2017-02-16,600.0
2017-02-17,600.0
2017-02-18,600.0
2017-02-19,600.0
2017-02-20,600.0
2017-02-21,600.0
2017-02-22,600.0
2017-02-23,625.0
2017-02-24,1100.0
2017-02-25,625.0
2017-02-26,604.312865120892
2017-02-27,593.7312313304295
2017-02-28,575.0
2017-03-01,550.0
2017-03-02,500.0
2017-03-03,525.0
2017-03-04,550.0
2017-03-05,550.0
2017-03-06,575.0
2017-03-07,580.0
2017-03-08,580.0
2017-03-09,575.0
2017-03-10,587.5
2017-03-11,600.0
2017-03-12,600.0
2017-03-13,600.0
2017-03-14,600.0
2017-03-15,600.0
2017-03-16,625.0
2017-03-17,650.0
2017-03-18,650.0
2017-03-19,653.3333333173334
2017-03-20,660.4166666416667
2017-03-21,675.0
2017-03-22,700.0
2017-03-23,700.0
2017-03-24,675.0
2017-03-25,600.0
2017-03-26,600.0
2017-03-27,600.0
2017-03-28,650.0
2017-03-29,655.0
2017-03-30,675.0
2017-03-31,700.0
2017-04-01,700.0
2017-04-02,696.6666666416667
2017-04-03,690.0
2017-04-04,678.2142849773246
2017-04-05,660.7843157247197
2017-04-06,650.0
2017-04-07,680.0
2017-04-08,680.0
2017-04-09,690.0
2017-04-10,690.0
2017-04-11,600.0
2017-04-12,550.0
2017-04-13,525.0
2017-04-14,500.0
2017-04-15,500.0
2017-04-16,500.0
2017-04-17,500.0
2017-04-18,500.0
2017-04-19,525.0
2017-04-20,525.0
2017-04-21,495.0
2017-04-22,700.0
2017-04-23,500.0
2017-04-24,500.0
2017-04-25,500.0
2017-04-26,485.0
2017-04-27,490.0
2017-04-28,495.0
2017-04-29,500.0
2017-04-30,487.18518290260766
2017-05-01,462.53968515998827
2017-05-02,450.0
2017-05-03,460.0
2017-05-04,475.0
2017-05-05,475.0
2017-05-06,485.0
2017-05-07,475.0
2017-05-08,475.0
2017-05-09,480.0
2017-05-10,475.0
2017-05-11,485.0
2017-05-12,488.349999979
2017-05-13,489.2499999890625
2017-05-14,489.70454545020664
2017-05-15,490.0
2017-05-16,490.0
2017-05-17,500.0
2017-05-18,490.0
2017-05-19,500.0
2017-05-20,510.0
2017-05-21,500.0
2017-05-22,500.0
2017-05-23,510.0
2017-05-24,500.0
2017-05-25,520.0
2017-05-26,525.0
2017-05-27,525.0
2017-05-28,510.0
2017-05-29,500.0
2017-05-30,510.0
2017-05-31,525.0
2017-06-01,525.0
2017-06-02,500.0
2017-06-03,510.0
2017-06-04,525.0
2017-06-05,525.0
2017-06-06,540.0
2017-06-07,500.0
2017-06-08,500.0
2017-06-09,510.0
2017-06-10,520.0
2017-06-11,525.0
2017-06-12,525.0
2017-06-13,530.0
2017-06-14,525.0
2017-06-15,530.0
2017-06-16,510.0
2017-06-17,525.0
2017-06-18,500.0
2017-06-19,500.0
2017-06-20,525.0
2017-06-21,530.0
2017-06-22,530.0
2017-06-23,525.0
2017-06-24,550.0
2017-06-25,550.0
2017-06-26,550.0
2017-06-27,540.0
2017-06-28,560.0
2017-06-29,560.0
2017-06-30,560.0
2017-07-01,560.0
2017-07-02,557.3076923005917
2017-07-03,550.0
2017-07-04,500.0
2017-07-05,525.0
2017-07-06,575.0
2017-07-07,600.0
2017-07-08,600.0
2017-07-09,600.0
2017-07-10,600.0
2017-07-11,625.0
2017-07-12,600.0
2017-07-13,600.0
2017-07-14,600.0
2017-07-15,600.0
2017-07-16,600.0
2017-07-17,600.0
2017-07-18,575.0
2017-07-19,500.0
2017-07-20,500.0
2017-07-21,500.0
2017-07-22,525.0
2017-07-23,530.0
2017-07-24,550.0
2017-07-25,500.0
2017-07-26,500.0
2017-07-27,520.0
2017-07-28,520.0
2017-07-29,525.0
2017-07-30,500.0
2017-07-31,491.66666664166667
2017-08-01,500.0
2017-08-02,525.0
2017-08-03,580.0
2017-08-04,600.0
2017-08-05,600.0
2017-08-06,650.0
2017-08-07,650.0
2017-08-08,660.0
2017-08-09,650.0
2017-08-10,650.0
2017-08-11,640.0
2017-08-12,600.0
2017-08-13,600.0
2017-08-14,600.0
2017-08-15,606.24999998125
2017-08-16,615.0
2017-08-17,625.0
2017-08-18,650.0
2017-08-19,650.0
2017-08-20,675.0
2017-08-21,675.0
2017-08-22,660.0
2017-08-23,600.0
2017-08-24,625.0
2017-08-25,630.0
2017-08-26,650.0
2017-08-27,630.0
2017-08-28,610.0
2017-08-29,600.0
2017-08-30,600.0
2017-08-31,1800.0
2017-09-01,3000.0
2017-09-02,1770.0
2017-09-03,540.0
2017-09-04,550.0
2017-09-05,550.0
2017-09-06,540.0
2017-09-07,550.0
2017-09-08,560.0
2017-09-09,500.0
2017-09-10,540.0
2017-09-11,550.0
2017-09-12,560.0
2017-09-13,600.0
2017-09-14,600.0
2017-09-15,575.0
2017-09-16,560.0
2017-09-17,540.0
2017-09-18,550.0
2017-09-19,550.0
2017-09-20,540.0
2017-09-21,500.0
2017-09-22,500.0
2017-09-23,500.0
2017-09-24,500.0
2017-09-25,500.0
2017-09-26,490.0
2017-09-27,495.0
2017-09-28,500.0
2017-09-29,503.8181817983471
2017-09-30,506.499999975
2017-10-01,508.30769228639053
2017-10-02,509.4285714163265
2017-10-03,510.0
2017-10-04,510.0
2017-10-05,525.0
2017-10-06,525.0
2017-10-07,520.0
2017-10-08,500.0
2017-10-09,500.0
2017-10-10,525.0
2017-10-11,530.0
2017-10-12,525.0
2017-10-13,500.0
2017-10-14,487.7011494005549
2017-10-15,485.6862744918108
2017-10-16,490.0
2017-10-17,500.0
2017-10-18,500.0
2017-10-19,505.2777762345662
2017-10-20,515.1851879286735
2017-10-21,520.0
2017-10-22,510.0
2017-10-23,500.0
2017-10-24,500.0
2017-10-25,515.0
2017-10-26,500.0
2017-10-27,510.0
2017-10-28,490.0
2017-10-29,500.0
2017-10-30,500.0
2017-10-31,500.0
2017-11-01,500.0
2017-11-02,510.0
2017-11-03,515.0
2017-11-04,510.0
2017-11-05,525.0
2017-11-06,525.0
2017-11-07,525.0
2017-11-08,550.0
2017-11-09,500.0
2017-11-10,525.0
2017-11-11,524.2901208657242
2017-11-12,516.5170952589663
2017-11-13,515.0
2017-11-14,520.0
2017-11-15,520.0
2017-11-16,525.0
2017-11-17,530.0
2017-11-18,500.0
2017-11-19,510.0
2017-11-20,500.0
2017-11-21,525.0
2017-11-22,510.0
2017-11-23,513.5714263038512
2017-11-24,520.9090918273655
2017-11-25,525.0
2017-11-26,526.7857142761479
2017-11-27,525.0
2017-11-28,500.0
2017-11-29,510.0
2017-11-30,517.7777777638889
2017-12-01,520.0
2017-12-02,500.0
2017-12-03,500.0
2017-12-04,525.0
2017-12-05,515.0
2017-12-06,500.0
2017-12-07,525.0
2017-12-08,525.0
2017-12-09,500.0
2017-12-10,510.0
2017-12-11,525.0
2017-12-12,525.0
2017-12-13,525.0
2017-12-14,500.0
2017-12-15,525.0
2017-12-16,525.0
2017-12-17,525.0
2017-12-18,550.0
2017-12-19,500.0
2017-12-20,510.0
2017-12-21,490.0
2017-12-22,475.0
2017-12-23,485.0
2017-12-24,500.0
2017-12-25,525.0
2017-12-26,525.0
2017-12-27,530.0
2017-12-28,530.0
2017-12-29,500.0
2017-12-30,500.0
2017-12-31,503.33333330833335
2018-01-01,510.0
2018-01-02,520.0
2018-01-03,525.0
2018-01-04,525.0
2018-01-05,525.0
2018-01-06,515.0
2018-01-07,510.0
2018-01-08,520.0
2018-01-09,525.0
2018-01-10,500.0
2018-01-11,510.0
2018-01-12,500.0
2018-01-13,510.0
2018-01-14,530.0
2018-01-15,550.0
2018-01-16,550.0
2018-01-17,540.0
2018-01-18,525.0
2018-01-19,540.0
2018-01-20,550.0
2018-01-21,530.0
2018-01-22,550.0
2018-01-23,520.0
2018-01-24,520.0
2018-01-25,525.0
2018-01-26,532.5
2018-01-27,540.0
2018-01-28,500.0
2018-01-29,550.0
2018-01-30,560.0
2018-01-31,530.0
2018-02-01,500.0
2018-02-02,540.0
2018-02-03,550.0
2018-02-04,530.0
2018-02-05,540.0
2018-02-06,525.0
2018-02-07,530.0
2018-02-08,500.0
2018-02-09,550.0
2018-02-10,525.0
2018-02-11,500.0
2018-02-12,550.0
2018-02-13,560.0
2018-02-14,567.999999984
2018-02-15,573.749999975
2018-02-16,575.0
2018-02-17,570.0
2018-02-18,540.0
2018-02-19,550.0
2018-02-20,550.0
2018-02-21,550.0
2018-02-22,575.0
2018-02-23,575.0
2018-02-24,575.0
2018-02-25,580.0
2018-02-26,600.0
2018-02-27,600.0
2018-02-28,600.6249999941406
2018-03-01,601.6666666527777
2018-03-02,603.7499999765625
2018-03-03,610.0
2018-03-04,625.0
2018-03-05,650.0
2018-03-06,650.0
2018-03-07,700.0
2018-03-08,680.0
2018-03-09,673.499999975
2018-03-10,675.99999998125
2018-03-11,682.099999991
2018-03-12,690.0
2018-03-13,700.0
2018-03-14,700.0
2018-03-15,725.0
2018-03-16,750.0
2018-03-17,766.6666666416667
2018-03-18,775.0
2018-03-19,775.0
2018-03-20,700.0
2018-03-21,700.0
2018-03-22,725.0
2018-03-23,770.0
2018-03-24,700.0
2018-03-25,730.0
2018-03-26,750.0
2018-03-27,760.0
2018-03-28,750.0
2018-03-29,775.0
2018-03-30,775.0
2018-03-31,790.0
2018-04-01,780.0
2018-04-02,780.0
2018-04-03,790.0
2018-04-04,850.0
2018-04-05,875.0
2018-04-06,880.0
2018-04-07,900.0
2018-04-08,900.0
2018-04-09,900.0
2018-04-10,950.0
2018-04-11,950.0
2018-04-12,950.0
2018-04-13,975.0
2018-04-14,989.5833333083334
2018-04-15,996.6666666506667
2018-04-16,1000.0
2018-04-17,1000.0
2018-04-18,1050.0
2018-04-19,1100.0
2018-04-20,1100.0
2018-04-21,1200.0
2018-04-22,1258.3333333083333
2018-04-23,1286.6666666506667
2018-04-24,1300.0
2018-04-25,1300.0
2018-04-26,1350.0
2018-04-27,1400.0
2018-04-28,1400.0
2018-04-29,1404.99999998125
2018-04-30,1414.999999975
2018-05-01,1429.99999998125
2018-05-02,1450.0
2018-05-03,1475.0
2018-05-04,1400.0
2018-05-05,1400.0
2018-05-06,1420.0
2018-05-07,1450.0
2018-05-08,1450.0
2018-05-09,1475.0
2018-05-10,1450.0
2018-05-11,1400.0
2018-05-12,1400.0
2018-05-13,1400.0
2018-05-14,1390.0
2018-05-15,1400.0
2018-05-16,1400.0
2018-05-17,1350.0
2018-05-18,1400.0
2018-05-19,1400.0
2018-05-20,1400.0
2018-05-21,1400.0
2018-05-22,1408.3333333083333
2018-05-23,1425.0
2018-05-24,1450.0
2018-05-25,1450.0
2018-05-26,1400.0
2018-05-27,1400.0
2018-05-28,1440.0
2018-05-29,1475.0
2018-05-30,1480.0
2018-05-31,1483.461538454438
2018-06-01,1485.62499998125
2018-06-02,1480.0
2018-06-03,1450.0
2018-06-04,1475.0
2018-06-05,1475.0
2018-06-06,1460.0
2018-06-07,1500.0
2018-06-08,1500.0
2018-06-09,1500.0
2018-06-10,1500.0
2018-06-11,1500.0
2018-06-12,1500.0
2018-06-13,1500.0
2018-06-14,1500.0
2018-06-15,1500.0
2018-06-16,1494.8148137174219
2018-06-17,1484.4444469135776
2018-06-18,1480.0
2018-06-19,1500.0
2018-06-20,1500.0
2018-06-21,1500.0
2018-06-22,1525.0
2018-06-23,1500.0
2018-06-24,1500.0
2018-06-25,1500.0
2018-06-26,1500.0
2018-06-27,1550.0
2018-06-28,1525.0
2018-06-29,1500.0
2018-06-30,1500.0
2018-07-01,1500.0
2018-07-02,1500.0
2018-07-03,1550.0
2018-07-04,1550.0
2018-07-05,1500.0
2018-07-06,1500.0
2018-07-07,1500.0
2018-07-08,1500.0
2018-07-09,1550.0
2018-07-10,1575.0
2018-07-11,1550.0
2018-07-12,1500.0
2018-07-13,1450.0
2018-07-14,1400.0
2018-07-15,1400.0
2018-07-16,1400.0
2018-07-17,1400.0
2018-07-18,1375.0
2018-07-19,1400.0
2018-07-20,1450.0
2018-07-21,1500.0
2018-07-22,1500.0
2018-07-23,1500.0
2018-07-24,1450.0
2018-07-25,1475.0
2018-07-26,1500.0
2018-07-27,1500.0
2018-07-28,1450.0
2018-07-29,1450.0
2018-07-30,1475.0
2018-07-31,1491.6666666416668
2018-08-01,1500.0
2018-08-02,1500.0
2018-08-03,1400.0
2018-08-04,1450.0
2018-08-05,1400.0
2018-08-06,1400.0
2018-08-07,1375.0
2018-08-08,1350.0
2018-08-09,1400.0
2018-08-10,1400.0
2018-08-11,1400.0
2018-08-12,1400.0
2018-08-13,1400.0
2018-08-14,1400.0
2018-08-15,1375.0
2018-08-16,1350.0
2018-08-17,1400.0
2018-08-18,1400.0
2018-08-19,1400.0
2018-08-20,1400.0
2018-08-21,1350.0
2018-08-22,1355.5555555416668
2018-08-23,1375.0
2018-08-24,1400.0
2018-08-25,1400.0
2018-08-26,1400.0
2018-08-27,1400.0
2018-08-28,1425.0
2018-08-29,1400.0
2018-08-30,1450.0
2018-08-31,1444.4444444305554
2018-09-01,1425.0
2018-09-02,1400.0
2018-09-03,1425.0
2018-09-04,1450.0
2018-09-05,1425.0
2018-09-06,1430.0
2018-09-07,1400.0
2018-09-08,1400.0
2018-09-09,1425.0
2018-09-10,1350.0
2018-09-11,1375.0
2018-09-12,1350.0
2018-09-13,1350.0
2018-09-14,1300.0
2018-09-15,1350.0
2018-09-16,1300.0
2018-09-17,1350.0
2018-09-18,1400.0
2018-09-19,1400.0
2018-09-20,1375.0
2018-09-21,1400.0
2018-09-22,1400.0
2018-09-23,1400.0
2018-09-24,1390.0
2018-09-25,1400.0
2018-09-26,1400.0
2018-09-27,1460.0
2018-09-28,1425.0
2018-09-29,1450.0
2018-09-30,1425.0
2018-10-01,1400.0
2018-10-02,1392.8571428326532
2018-10-03,1400.0
2018-10-04,1425.0
2018-10-05,1450.0
2018-10-06,1475.0
2018-10-07,1450.0
2018-10-08,1470.0
2018-10-09,1470.0
2018-10-10,1500.0
2018-10-11,1500.0
2018-10-12,1500.0
2018-10-13,1500.0
2018-10-14,1475.0
2018-10-15,1475.0
2018-10-16,1500.0
2018-10-17,1525.0
2018-10-18,1475.0
2018-10-19,1480.0
2018-10-20,1500.0
2018-10-21,1450.0
2018-10-22,1525.0
2018-10-23,1500.0
2018-10-24,1500.0
2018-10-25,1550.0
2018-10-26,1480.0
2018-10-27,1450.0
2018-10-28,1475.0
2018-10-29,1480.0
2018-10-30,1460.0
2018-10-31,1430.0
2018-11-01,1400.0
2018-11-02,1450.0
2018-11-03,1450.0
2018-11-04,1450.0
2018-11-05,1440.0
2018-11-06,1400.0
2018-11-07,1400.0
2018-11-08,1412.5
2018-11-09,1425.0
2018-11-10,1400.0
2018-11-11,1450.0
2018-11-12,1400.0
2018-11-13,1450.0
2018-11-14,1455.0
2018-11-15,1400.0
2018-11-16,1300.0
2018-11-17,1350.0
2018-11-18,1300.0
2018-11-19,1300.0
2018-11-20,1300.0
2018-11-21,1300.0
2018-11-22,1325.0
2018-11-23,1200.0
2018-11-24,1225.0
2018-11-25,1300.0
2018-11-26,1200.0
2018-11-27,1000.0
2018-11-28,950.0
2018-11-29,900.0
2018-11-30,900.0
2018-12-01,900.0
2018-12-02,800.0
2018-12-03,825.0
2018-12-04,800.0
2018-12-05,750.0
2018-12-06,800.0
2018-12-07,850.0
2018-12-08,800.0
2018-12-09,775.0
2018-12-10,775.0
2018-12-11,750.0
2018-12-12,700.0
2018-12-13,700.0
2018-12-14,700.0
2018-12-15,700.0
2018-12-16,700.0
2018-12-17,700.0
2018-12-18,700.0
2018-12-19,600.0
2018-12-20,600.0
2018-12-21,600.0
2018-12-22,600.0
2018-12-23,600.0
2018-12-24,625.0
2018-12-25,600.0
2018-12-26,625.0
2018-12-27,650.0
2018-12-28,675.0
2018-12-29,650.0
2018-12-30,650.0
2018-12-31,675.0
2019-01-01,700.0
2019-01-02,700.0
2019-01-03,680.0
2019-01-04,650.0
2019-01-05,600.0
2019-01-06,550.0
2019-01-07,550.0
2019-01-08,550.0
2019-01-09,550.0
2019-01-10,525.0
2019-01-11,550.0
2019-01-12,550.0
2019-01-13,560.0
2019-01-14,540.0
2019-01-15,550.0
2019-01-16,540.0
2019-01-17,550.0
2019-01-18,540.0
2019-01-19,500.0
2019-01-20,500.0
2019-01-21,500.0
2019-01-22,500.0
2019-01-23,500.0
2019-01-24,550.0
2019-01-25,560.0
2019-01-26,555.0
2019-01-27,550.0
2019-01-28,550.0
2019-01-29,560.0
2019-01-30,550.0
2019-01-31,540.0
2019-02-01,530.0
2019-02-02,550.0
2019-02-03,540.0
2019-02-04,530.0
2019-02-05,500.0
2019-02-06,500.0
2019-02-07,530.0
2019-02-08,550.0
2019-02-09,550.0
2019-02-10,560.0
2019-02-11,575.0
2019-02-12,550.0
2019-02-13,550.0
2019-02-14,550.0
2019-02-15,560.0
2019-02-16,525.0
2019-02-17,500.0
2019-02-18,490.90909088429754
2019-02-19,500.0
2019-02-20,530.0
2019-02-21,550.0
2019-02-22,550.0
2019-02-23,550.0
2019-02-24,550.0
2019-02-25,550.0
2019-02-26,580.0
2019-02-27,580.0
2019-02-28,602.5
2019-03-01,625.0
2019-03-02,600.0
2019-03-03,600.0
2019-03-04,600.0
2019-03-05,620.0
2019-03-06,600.0
2019-03-07,580.0
2019-03-08,590.0
2019-03-09,700.0
2019-03-10,700.0
2019-03-11,720.0
2019-03-12,700.0
2019-03-13,725.0
2019-03-14,700.0
2019-03-15,740.0
2019-03-16,750.0
2019-03-17,750.0
2019-03-18,730.0
2019-03-19,600.0
2019-03-20,650.0
2019-03-21,652.8571428403061
2019-03-22,640.0
2019-03-23,620.0
2019-03-24,600.0
2019-03-25,600.0
2019-03-26,650.0
2019-03-27,650.0
2019-03-28,660.0
2019-03-29,675.0
2019-03-30,670.0
2019-03-31,675.0
2019-04-01,680.0
2019-04-02,675.0
2019-04-03,670.0
2019-04-04,675.0
2019-04-05,680.0
2019-04-06,700.0
2019-04-07,700.0
2019-04-08,700.0
2019-04-09,700.0
2019-04-10,715.0
2019-04-11,720.0
2019-04-12,725.0
2019-04-13,750.0
2019-04-14,775.0
2019-04-15,750.0
2019-04-16,750.0
2019-04-17,760.0
2019-04-18,760.0
2019-04-19,750.0
2019-04-20,750.0
2019-04-21,780.0
2019-04-22,800.0
2019-04-23,800.0
2019-04-24,800.0
2019-04-25,800.0
2019-04-26,800.0
2019-04-27,800.0
2019-04-28,800.0
2019-04-29,800.0
2019-04-30,800.0
2019-05-01,800.0
2019-05-02,800.0
2019-05-03,800.0
2019-05-04,810.0
2019-05-05,817.4999999777777
2019-05-06,822.4999999777777
2019-05-07,825.0
2019-05-08,825.0
2019-05-09,850.0
2019-05-10,850.0
2019-05-11,850.0
2019-05-12,850.0
2019-05-13,860.0
2019-05-14,868.74999998125
2019-05-15,875.0
2019-05-16,875.0
2019-05-17,880.0
2019-05-18,880.0
2019-05-19,890.0
2019-05-20,890.0
2019-05-21,890.0
2019-05-22,880.0
2019-05-23,900.0
2019-05-24,900.0
2019-05-25,900.0
2019-05-26,900.0
2019-05-27,900.0
2019-05-28,900.0
2019-05-29,900.0
2019-05-30,925.0
2019-05-31,933.3333333083333
2019-06-01,925.0
2019-06-02,900.0
2019-06-03,900.0
2019-06-04,900.0
2019-06-05,915.0
2019-06-06,930.0
2019-06-07,940.0
2019-06-08,950.0
2019-06-09,950.0
2019-06-10,950.0
2019-06-11,950.0
2019-06-12,950.0
2019-06-13,975.0
2019-06-14,950.0
2019-06-15,960.9374999941406
2019-06-16,975.0
2019-06-17,990.0
2019-06-18,1000.0
2019-06-19,1000.0
2019-06-20,1000.0
2019-06-21,1000.0
2019-06-22,1025.0
2019-06-23,1050.0
2019-06-24,1000.0
2019-06-25,1025.0
2019-06-26,1050.0
2019-06-27,1050.0
2019-06-28,1075.0
2019-06-29,1075.0
2019-06-30,1077.5
2019-07-01,1080.0
2019-07-02,1080.0
2019-07-03,1070.0
2019-07-04,1100.0
2019-07-05,1050.0
2019-07-06,1000.0
2019-07-07,1050.0
2019-07-08,1060.0
2019-07-09,1100.0
2019-07-10,1100.0
2019-07-11,1000.0
2019-07-12,1000.0
2019-07-13,1040.0
2019-07-14,1050.0
2019-07-15,1040.0
2019-07-16,1080.0
2019-07-17,1085.0
2019-07-18,1075.0
2019-07-19,1100.0
2019-07-20,1050.0
2019-07-21,1060.0
2019-07-22,1075.0
2019-07-23,1089.0476190409863
2019-07-24,1100.0
2019-07-25,1080.0
2019-07-26,1075.0
2019-07-27,1075.0
2019-07-28,1080.0
2019-07-29,1100.0
2019-07-30,1100.0
2019-07-31,1087.5
2019-08-01,1075.0
2019-08-02,1080.0
2019-08-03,1000.0
2019-08-04,1050.0
2019-08-05,1075.0
2019-08-06,1100.0
2019-08-07,1113.3333333173334
2019-08-08,1100.0
2019-08-09,1000.0
2019-08-10,1000.0
2019-08-11,1075.0
2019-08-12,1050.0
2019-08-13,1000.0
2019-08-14,1000.0
2019-08-15,995.8333333223958
2019-08-16,980.0
2019-08-17,900.0
2019-08-18,960.0
2019-08-19,975.0
2019-08-20,900.0
2019-08-21,900.0
2019-08-22,850.0
2019-08-23,850.0
2019-08-24,850.0
2019-08-25,875.0
2019-08-26,900.0
2019-08-27,850.0
2019-08-28,850.0
2019-08-29,800.0
2019-08-30,800.0
2019-08-31,798.8541666557292
2019-09-01,796.5151514920111
2019-09-02,790.0
2019-09-03,775.0
2019-09-04,790.0
2019-09-05,800.0
2019-09-06,800.0
2019-09-07,750.0
2019-09-08,825.0
2019-09-09,825.0
2019-09-10,825.0
2019-09-11,830.0
2019-09-12,850.0
2019-09-13,875.0
2019-09-14,875.0
2019-09-15,875.0
2019-09-16,890.0
2019-09-17,870.0
2019-09-18,850.0
2019-09-19,880.0
2019-09-20,800.0
2019-09-21,825.0
2019-09-22,800.0
2019-09-23,825.0
2019-09-24,875.0
2019-09-25,800.0
2019-09-26,825.0
2019-09-27,850.0
2019-09-28,900.0
2019-09-29,900.0
2019-09-30,925.0
2019-10-01,950.0
2019-10-02,937.5
2019-10-03,925.0
2019-10-04,960.0
2019-10-05,975.0
2019-10-06,988.888888875
2019-10-07,1000.0
2019-10-08,1000.0
2019-10-09,1025.0
2019-10-10,1025.0
2019-10-11,900.0
2019-10-12,900.0
2019-10-13,850.0
2019-10-14,875.0
2019-10-15,880.0
2019-10-16,900.0
2019-10-17,900.0
2019-10-18,900.0
2019-10-19,900.0
2019-10-20,850.0
2019-10-21,854.2857142734694
2019-10-22,870.0
2019-10-23,890.0
2019-10-24,900.0
2019-10-25,1050.0
2019-10-26,1100.0
2019-10-27,1100.0
2019-10-28,1100.0
2019-10-29,1100.0
2019-10-30,1100.0
2019-10-31,1100.0
2019-11-01,1100.0
2019-11-02,1100.0
2019-11-03,1050.0
2019-11-04,1060.0
2019-11-05,1100.0
2019-11-06,1150.0
2019-11-07,1150.0
2019-11-08,1200.0
2019-11-09,1100.0
2019-11-10,1100.0
2019-11-11,1150.0
2019-11-12,1150.0
2019-11-13,1175.0
2019-11-14,1175.0
2019-11-15,1100.0
2019-11-16,1050.0
2019-11-17,900.0
2019-11-18,900.0
2019-11-19,925.0
2019-11-20,950.0
2019-11-21,950.0
2019-11-22,940.0
2019-11-23,950.0
2019-11-24,1000.0
2019-11-25,1000.0
2019-11-26,1000.0
2019-11-27,1000.0
2019-11-28,980.0
2019-11-29,1025.0
2019-11-30,1012.5
2019-12-01,1000.0
2019-12-02,1025.0
2019-12-03,975.0
2019-12-04,1180.0
2019-12-05,1200.0
2019-12-06,1250.0
2019-12-07,1240.0
2019-12-08,1250.0
2019-12-09,1300.0
2019-12-10,1300.0
2019-12-11,1275.0
2019-12-12,1350.0
2019-12-13,1375.0
2019-12-14,1500.0
2019-12-15,1500.0
2019-12-16,1525.0
2019-12-17,1660.0
2019-12-18,1680.0
2019-12-19,1680.0
2019-12-20,1500.0
2019-12-21,1500.0
2019-12-22,1550.0
2019-12-23,1560.0
2019-12-24,1440.0
2019-12-25,1500.0
2019-12-26,1525.0
2019-12-27,1500.0
2019-12-28,1475.0
2019-12-29,1400.0
2019-12-30,1350.0
2019-12-31,1310.4166666557292
2020-01-01,1300.0
2020-01-02,1450.0
2020-01-03,1500.0
2020-01-04,1525.0
2020-01-05,1500.0
2020-01-06,1500.0
2020-01-07,1450.0
2020-01-08,1400.0
2020-01-09,1380.0
2020-01-10,1260.0
2020-01-11,1260.0
2020-01-12,1250.0
2020-01-13,1200.0
2020-01-14,1200.0
2020-01-15,1200.0
2020-01-16,1250.0
2020-01-17,1275.0
2020-01-18,1325.0
2020-01-19,1350.0
2020-01-20,1350.0
2020-01-21,1300.0
2020-01-22,1250.0
2020-01-23,1300.0
2020-01-24,1200.0
2020-01-25,1200.0
2020-01-26,1200.0
2020-01-27,1200.0
2020-01-28,1200.0
2020-01-29,1210.0
2020-01-30,1000.0
2020-01-31,1000.0
2020-02-01,1000.0
2020-02-02,1000.0
2020-02-03,1000.0
2020-02-04,975.0
2020-02-05,950.0
2020-02-06,925.0
2020-02-07,900.0
2020-02-08,900.0
2020-02-09,925.0
2020-02-10,950.0
2020-02-11,900.0
2020-02-12,900.0
2020-02-13,950.0
2020-02-14,975.0
2020-02-15,1000.0
2020-02-16,1050.0
2020-02-17,1075.0
2020-02-18,1100.0
2020-02-19,1100.0
2020-02-20,1100.0
2020-02-21,1150.0
2020-02-22,1200.0
2020-02-23,1200.0
2020-02-24,1200.0
2020-02-25,1175.0
2020-02-26,1200.0
2020-02-27,1250.0
2020-02-28,1250.0
2020-02-29,1250.0
2020-03-01,1250.0
2020-03-02,1275.0
2020-03-03,1270.0
2020-03-04,1280.0
2020-03-05,1275.0
2020-03-06,1250.0
2020-03-07,1280.0
2020-03-08,1200.0
2020-03-09,1200.0
2020-03-10,1200.0
2020-03-11,1200.0
2020-03-12,1300.0
2020-03-13,1300.0
2020-03-14,1350.0
2020-03-15,1375.0
2020-03-16,1390.0
2020-03-17,1400.0
2020-03-18,1400.0
2020-03-19,1400.0
2020-03-20,1500.0
2020-03-21,1600.0
2020-03-22,1666.993800442678
2020-03-23,1697.1074366778225
2020-03-24,1706.6115692152175
2020-03-25,1705.860254849593
2020-03-26,1701.7561981678166
2020-03-27,1699.0781946855086
2020-03-28,1701.2396697903148
2020-03-29,1710.7438021118776
2020-03-30,1729.4679756301866
2020-03-31,1758.8478369233292
2020-04-01,1800.0
2020-04-02,1850.0
2020-04-03,1800.0
2020-04-04,1800.0
2020-04-05,1650.0
2020-04-06,1600.0
2020-04-07,1660.0
2020-04-08,1675.0
2020-04-09,1673.0769230525148
2020-04-10,1650.0
2020-04-11,1600.0
2020-04-12,1525.0
2020-04-13,1550.0
2020-04-14,1460.0
2020-04-15,1450.0
2020-04-16,1460.0
2020-04-17,1450.0
2020-04-18,1550.0
2020-04-19,1621.2356321685395
2020-04-20,1660.1465201215472
2020-04-21,1630.0
2020-04-22,1500.0
2020-04-23,1525.0
2020-04-24,1550.0
2020-04-25,1600.0
2020-04-26,1600.0
2020-04-27,1580.0
2020-04-28,1640.0
2020-04-29,1590.0
2020-04-30,1582.5
2020-05-01,1575.0
2020-05-02,1500.0
2020-05-03,1500.0
2020-05-04,1500.0
2020-05-05,1530.0
2020-05-06,1550.0
2020-05-07,1575.0
2020-05-08,1590.0
2020-05-09,1600.0
2020-05-10,1550.0
2020-05-11,1570.0
2020-05-12,1525.0
2020-05-13,1500.0
2020-05-14,1520.0
2020-05-15,1540.0
2020-05-16,1550.0
2020-05-17,1525.0
2020-05-18,1575.0
2020-05-19,1550.0
2020-05-20,1529.128839348767
2020-05-21,1512.7776319077068
2020-05-22,1500.498857556793
2020-05-23,1491.9021872456776
2020-05-24,1486.6456298869243
2020-05-25,1484.4282744036173
2020-05-26,1484.9843013896325
2020-05-27,1488.0780126180218
2020-05-28,1493.4996821182601
2020-05-29,1501.0620746405307
2020-05-30,1510.597509530305
2020-05-31,1521.9553728663454
2020-06-01,1535.0
2020-06-02,1550.0
2020-06-03,1575.0
2020-06-04,1550.0
2020-06-05,1580.0
2020-06-06,1550.0
2020-06-07,1550.0
2020-06-08,1560.0
2020-06-09,1580.0
2020-06-10,1600.0
2020-06-11,1600.0
2020-06-12,1650.0
2020-06-13,1650.0
2020-06-14,1650.0
2020-06-15,1655.0
2020-06-16,1700.0
2020-06-17,1700.0
2020-06-18,1700.0
2020-06-19,1780.0
2020-06-20,1775.0
2020-06-21,1775.0
2020-06-22,1780.0
2020-06-23,1801.0416666557292
2020-06-24,1825.0
2020-06-25,1850.0
2020-06-26,1855.0
2020-06-27,1855.0
2020-06-28,1860.0
2020-06-29,1895.0
2020-06-30,1899.0476190409863
2020-07-01,1900.0
2020-07-02,1900.0
2020-07-03,1880.0
2020-07-04,1950.0
2020-07-05,1960.0
2020-07-06,2000.0
2020-07-07,2031.24999998125
2020-07-08,2052.857142832653
2020-07-09,2060.0
2020-07-10,2050.0
2020-07-11,2049.462365568505
2020-07-12,2058.072916645182
2020-07-13,2075.0
2020-07-14,2100.0
2020-07-15,2180.0
2020-07-16,2100.0
2020-07-17,2260.0
2020-07-18,2272.7983512540436
2020-07-19,2241.871346369823
2020-07-20,2250.0
2020-07-21,2300.0
2020-07-22,2250.0
2020-07-23,2300.0
2020-07-24,2300.0
2020-07-25,2325.0
2020-07-26,2312.5
2020-07-27,2300.0
2020-07-28,2290.0
2020-07-29,2290.0
2020-07-30,2290.0
2020-07-31,2300.0
2020-08-01,2316.470588210381
2020-08-02,2340.0
2020-08-03,2375.0
2020-08-04,2410.0
2020-08-05,2400.0
2020-08-06,2400.0
2020-08-07,2350.0
2020-08-08,2400.0
2020-08-09,2400.0
2020-08-10,2330.0
2020-08-11,2300.0
2020-08-12,2250.0
2020-08-13,2400.0
2020-08-14,2400.0
2020-08-15,2350.0
2020-08-16,2300.0
2020-08-17,2310.0
2020-08-18,2450.0
2020-08-19,2460.0
2020-08-20,2500.0
2020-08-21,2500.0
2020-08-22,2519.4444433470508
2020-08-23,2558.3333358024697
2020-08-24,2575.0
2020-08-25,2500.0
2020-08-26,2500.0
2020-08-27,2500.0
2020-08-28,2525.0
2020-08-29,2530.0
2020-08-30,2536.2962951988993
2020-08-31,2543.888891358036
2020-09-01,2550.0
2020-09-02,2550.0
2020-09-03,2575.0
2020-09-04,2500.0
2020-09-05,2560.0
2020-09-06,2600.0
2020-09-07,2600.0
2020-09-08,2600.0
2020-09-09,2600.0
2020-09-10,2610.0
2020-09-11,2650.0
2020-09-12,2700.0
2020-09-13,2700.0
2020-09-14,2750.0
2020-09-15,2740.0
2020-09-16,2700.0
2020-09-17,2650.0
2020-09-18,2600.0
2020-09-19,2630.0
2020-09-20,2650.0
2020-09-21,2675.0
2020-09-22,2675.0
2020-09-23,2600.0
2020-09-24,2600.0
2020-09-25,2605.0
2020-09-26,2610.0
2020-09-27,2600.0
2020-09-28,2650.0
2020-09-29,2650.0
2020-09-30,2655.0
2020-10-01,2660.0
2020-10-02,2660.0
2020-10-03,2670.0
2020-10-04,2700.0
2020-10-05,2700.0
2020-10-06,2700.0
2020-10-07,2700.0
2020-10-08,2600.0
2020-10-09,2600.0
2020-10-10,2700.0
2020-10-11,2750.0
2020-10-12,2725.0
2020-10-13,2725.0
2020-10-14,2750.0
2020-10-15,2750.0
2020-10-16,2800.0
2020-10-17,2860.0
2020-10-18,2900.0
2020-10-19,3000.0
2020-10-20,3050.0
2020-10-21,3100.0
2020-10-22,3100.0
2020-10-23,3200.0
2020-10-24,3300.0
2020-10-25,3325.0
2020-10-26,3200.0
2020-10-27,3250.0
2020-10-28,3200.0
2020-10-29,3150.0
2020-10-30,3100.0
2020-10-31,3025.0
2020-11-01,2950.0
2020-11-02,2900.0
2020-11-03,2960.0
2020-11-04,3000.0
2020-11-05,3000.0
2020-11-06,2900.0
2020-11-07,3060.0
2020-11-08,3000.0
2020-11-09,3000.0
2020-11-10,3125.0
2020-11-11,3100.0
2020-11-12,2950.0
2020-11-13,2975.0
2020-11-14,2900.0
2020-11-15,2937.5
2020-11-16,2975.0
2020-11-17,2980.0
2020-11-18,3000.0
2020-11-19,3100.0
2020-11-20,3300.0
2020-11-21,3300.0
2020-11-22,3300.0
2020-11-23,3300.0
2020-11-24,3475.0
2020-11-25,3369.1520467827563
2020-11-26,3260.0
2020-11-27,3150.0
2020-11-28,3100.0
2020-11-29,3000.0
2020-11-30,3000.0
2020-12-01,3000.0
2020-12-02,2900.0
2020-12-03,3000.0
2020-12-04,2900.0
2020-12-05,2200.0
2020-12-06,2000.0
2020-12-07,2200.0
2020-12-08,2350.0
2020-12-09,2360.0
2020-12-10,2200.0
2020-12-11,2000.0
2020-12-12,1900.0
2020-12-13,1800.0
2020-12-14,1800.0
2020-12-15,1630.0
2020-12-16,1400.0
2020-12-17,1300.0
2020-12-18,1300.0
2020-12-19,1250.0
2020-12-20,1200.0
2020-12-21,1100.0
2020-12-22,1000.0
2020-12-23,1050.0
2020-12-24,1150.0
2020-12-25,1150.0
2020-12-26,1140.0
2020-12-27,1100.0
2020-12-28,1050.0
2020-12-29,1040.0
2020-12-30,1050.0
2020-12-31,1075.0
2021-01-01,1100.0
2021-01-02,1050.0
2021-01-03,950.0
2021-01-04,975.0
2021-01-05,1000.0
2021-01-06,950.0
2021-01-07,800.0
2021-01-08,850.0
2021-01-09,900.0
2021-01-10,900.0
2021-01-11,925.0
2021-01-12,900.0
2021-01-13,800.0
2021-01-14,750.0
2021-01-15,750.0
2021-01-16,700.0
2021-01-17,700.0
2021-01-18,710.0
2021-01-19,700.0
2021-01-20,700.0
2021-01-21,720.0
2021-01-22,750.0
2021-01-23,700.0
2021-01-24,690.0
2021-01-25,700.0
2021-01-26,700.0
2021-01-27,700.0
2021-01-28,700.0
2021-01-29,715.0
2021-01-30,725.0
2021-01-31,712.5
2021-02-01,700.0
2021-02-02,700.0
2021-02-03,700.0
2021-02-04,700.0
2021-02-05,725.0
2021-02-06,690.0
2021-02-07,700.0
2021-02-08,715.0
2021-02-09,700.0
2021-02-10,700.0
2021-02-11,680.0
2021-02-12,675.0
2021-02-13,650.0
2021-02-14,650.0
2021-02-15,640.0
2021-02-16,640.0
2021-02-17,600.0
2021-02-18,600.0
2021-02-19,650.0
2021-02-20,675.0
2021-02-21,700.0
2021-02-22,700.0
2021-02-23,700.0
2021-02-24,715.0
2021-02-25,700.0
2021-02-26,700.0
2021-02-27,715.0
2021-02-28,720.0
2021-03-01,725.0
2021-03-02,730.0
2021-03-03,740.0
2021-03-04,750.0
2021-03-05,750.0
2021-03-06,750.0
2021-03-07,750.0
2021-03-08,760.0
2021-03-09,765.0
2021-03-10,775.0
2021-03-11,750.0
2021-03-12,740.0
2021-03-13,700.0
2021-03-14,690.0
2021-03-15,675.0
2021-03-16,650.0
2021-03-17,640.0
2021-03-18,650.0
2021-03-19,640.0
2021-03-20,650.0
2021-03-21,630.0
2021-03-22,600.0
2021-03-23,700.0
2021-03-24,700.0
2021-03-25,725.0
2021-03-26,730.0
2021-03-27,750.0
2021-03-28,750.0
2021-03-29,754.99999998125
2021-03-30,764.999999975
2021-03-31,779.99999998125
2021-04-01,800.0
2021-04-02,825.0
2021-04-03,825.0
2021-04-04,800.0
2021-04-05,815.0
2021-04-06,850.0
2021-04-07,825.0
2021-04-08,850.0
2021-04-09,875.0
2021-04-10,900.0
2021-04-11,900.0
2021-04-12,910.0
2021-04-13,925.0
2021-04-14,920.0
2021-04-15,930.0
2021-04-16,950.0
2021-04-17,950.0
2021-04-18,950.0
2021-04-19,950.0
2021-04-20,950.0
2021-04-21,1000.0
2021-04-22,1000.0
2021-04-23,975.0
2021-04-24,980.5555530864176
2021-04-25,993.5185196159129
2021-04-26,1000.0
2021-04-27,1000.0
2021-04-28,1000.0
2021-04-29,1000.0
2021-04-30,1000.0
2021-05-01,1000.0
2021-05-02,1000.0
2021-05-03,1000.0
2021-05-04,1000.0
2021-05-05,1000.0
2021-05-06,1000.0
2021-05-07,1100.0
2021-05-08,1100.0
2021-05-09,1100.0
2021-05-10,1100.0
2021-05-11,1100.0
2021-05-12,1100.0
2021-05-13,1100.0
2021-05-14,1100.0
2021-05-15,1100.0
2021-05-16,1100.0
2021-05-17,1100.0
2021-05-18,1100.0
2021-05-19,1100.0
2021-05-20,1100.0
2021-05-21,1100.0
2021-05-22,1100.0
2021-05-23,1100.0
2021-05-24,1100.0
2021-05-25,1100.0
2021-05-26,1100.0
2021-05-27,1100.0
2021-05-28,1100.0
2021-05-29,1100.0
2021-05-30,1100.0
2021-05-31,1100.0
2021-06-01,1100.0
2021-06-02,1100.0
2021-06-03,1100.0
2021-06-04,1150.0
2021-06-05,1100.0
2021-06-06,1125.0
2021-06-07,1130.0
2021-06-08,1130.0
2021-06-09,1100.0
2021-06-10,1120.0
2021-06-11,1050.0
2021-06-12,1025.0
2021-06-13,1040.0
2021-06-14,1075.0
2021-06-15,1070.0
2021-06-16,1080.0
2021-06-17,1080.0
2021-06-18,1100.0
2021-06-19,1100.0
2021-06-20,1100.0
2021-06-21,1125.0
2021-06-22,1140.0
2021-06-23,1100.0
2021-06-24,1100.0
2021-06-25,1100.0
2021-06-26,1125.0
2021-06-27,1140.0
2021-06-28,1150.0
2021-06-29,1100.0
2021-06-30,1100.0
2021-07-01,1100.0
2021-07-02,1050.0
2021-07-03,1000.0
2021-07-04,1020.0
2021-07-05,1050.0
2021-07-06,1040.0
2021-07-07,1000.0
2021-07-08,1000.0
2021-07-09,1075.0
2021-07-10,1100.0
2021-07-11,1100.0
2021-07-12,1120.0
2021-07-13,1100.0
2021-07-14,1100.0
2021-07-15,1100.0
2021-07-16,1000.0
2021-07-17,1050.0
2021-07-18,1070.0
2021-07-19,1080.0
2021-07-20,1085.0
2021-07-21,1100.0
2021-07-22,1100.0
2021-07-23,1100.0
2021-07-24,1100.0
2021-07-25,1100.0
2021-07-26,1120.0
2021-07-27,1120.0
2021-07-28,1130.0
2021-07-29,1140.0
2021-07-30,1150.0
2021-07-31,1153.3333333083333
2021-08-01,1150.0
2021-08-02,1140.0
2021-08-03,1150.0
2021-08-04,1140.0
2021-08-05,1100.0
2021-08-06,1100.0
2021-08-07,1100.0
2021-08-08,1100.0
2021-08-09,1100.0
2021-08-10,1100.0
2021-08-11,1100.0
2021-08-12,1100.0
2021-08-13,1100.0
2021-08-14,1100.0
2021-08-15,1100.0
2021-08-16,1100.0
2021-08-17,1100.0
2021-08-18,1100.0
2021-08-19,1100.0
2021-08-20,1100.0
2021-08-21,1080.0
2021-08-22,1067.999999979
2021-08-23,1070.0
2021-08-24,1100.0
2021-08-25,1070.0
2021-08-26,1100.0
2021-08-27,1100.0
2021-08-28,1100.0
2021-08-29,1100.0
2021-08-30,1100.0
2021-08-31,1100.0
2021-09-01,1100.0
2021-09-02,1100.0
2021-09-03,1100.0
2021-09-04,1100.0
2021-09-05,1100.0
2021-09-06,1100.0
2021-09-07,1100.0
2021-09-08,1100.0
2021-09-09,1100.0
2021-09-10,1100.0
2021-09-11,1100.0
2021-09-12,1100.0
2021-09-13,1100.0
2021-09-14,1100.0
2021-09-15,1100.0
2021-09-16,1000.0
2021-09-17,1050.0
2021-09-18,1050.0
2021-09-19,1050.0
2021-09-20,1050.0
2021-09-21,1050.0
2021-09-22,1050.0
2021-09-23,1050.0
2021-09-24,1050.0
2021-09-25,1050.0
2021-09-26,1050.0
2021-09-27,1040.0
2021-09-28,1040.0
2021-09-29,1020.0
2021-09-30,1025.0
2021-10-01,1030.0
2021-10-02,1030.0
2021-10-03,1030.0
2021-10-04,1030.0
2021-10-05,1050.0
2021-10-06,1050.0
2021-10-07,1050.0
2021-10-08,1070.0
2021-10-09,1100.0
2021-10-10,1150.0
2021-10-11,1150.0
2021-10-12,1150.0
2021-10-13,1150.0
2021-10-14,1160.0
2021-10-15,1150.0
2021-10-16,1160.0
2021-10-17,1150.0
2021-10-18,1150.0
2021-10-19,1150.0
2021-10-20,1120.0
2021-10-21,1150.0
2021-10-22,1150.0
2021-10-23,1140.0
2021-10-24,1140.0
2021-10-25,1140.0
2021-10-26,1190.0
2021-10-27,1230.0
2021-10-28,1230.0
2021-10-29,1220.0
2021-10-30,1230.0
2021-10-31,1245.0
2021-11-01,1260.0
2021-11-02,1260.0
2021-11-03,1300.0
2021-11-04,1321.4285714081632
2021-11-05,1323.0769230532544
2021-11-06,1300.0
2021-11-07,1250.0
2021-11-08,1250.0
2021-11-09,1260.0
2021-11-10,1300.0
2021-11-11,1350.0
2021-11-12,1380.0
2021-11-13,1400.0
2021-11-14,1420.0
2021-11-15,1420.0
2021-11-16,1425.0
2021-11-17,1420.0
2021-11-18,1420.0
2021-11-19,1414.444441975314
2021-11-20,1405.555558024686
2021-11-21,1400.0
2021-11-22,1400.0
2021-11-23,1400.0
2021-11-24,1350.0
2021-11-25,1350.0
2021-11-26,1350.0
2021-11-27,1350.0
2021-11-28,1350.0
2021-11-29,1350.0
2021-11-30,1337.49999998125
2021-12-01,1320.0
2021-12-02,1300.0
2021-12-03,1300.0
2021-12-04,1300.0
2021-12-05,1300.0
2021-12-06,1300.0
2021-12-07,1300.0
2021-12-08,1250.0
>>>>>>> 6ac9248b3ef33a88bcb4b748e11d3743f40f9979
