<<<<<<< HEAD
version https://git-lfs.github.com/spec/v1
oid sha256:141f738d5aa68205d5fb676a896f67e89f05bf592e374cb8385e9db44cc812bc
size 38083
=======
MANDINAME,DATE,ARRIVAL,MIN,MAX,PRICE
AHMEDNAGAR,20/08/2015,356.0,1600.0,6100.0,3850.0
AHMEDNAGAR,22/08/2015,427.0,1500.0,8500.0,5000.0
AHMEDNAGAR,24/08/2015,843.0,3675.0,6500.0,4050.0
AHMEDNAGAR,27/08/2015,383.0,1500.0,6300.0,5250.0
AHMEDNAGAR,31/08/2015,343.0,1500.0,6000.0,5025.0
AKLUJ,01/08/2015,3.0,1500.0,3800.0,3800.0
AKLUJ,03/08/2015,9.0,1500.0,4000.0,4000.0
AKLUJ,05/08/2015,2.0,1300.0,3400.0,3400.0
AKLUJ,06/08/2015,5.0,1500.0,3800.0,3800.0
AKLUJ,07/08/2015,3.0,2500.0,3500.0,3500.0
AKLUJ,08/08/2015,2.0,1500.0,3500.0,3500.0
AKLUJ,10/08/2015,9.0,2000.0,4100.0,4100.0
AKLUJ,12/08/2015,2.0,1500.0,4000.0,4000.0
AKLUJ,13/08/2015,3.0,2500.0,4400.0,4400.0
AKLUJ,14/08/2015,2.0,2000.0,4000.0,4000.0
AKLUJ,17/08/2015,9.0,2500.0,4500.0,4500.0
AKLUJ,20/08/2015,3.0,2500.0,4500.0,4500.0
AKLUJ,21/08/2015,1.0,3000.0,4800.0,4800.0
AKLUJ,22/08/2015,1.0,3000.0,6000.0,6000.0
AKLUJ,24/08/2015,4.0,3000.0,6000.0,6000.0
AKLUJ,26/08/2015,3.0,2500.0,6000.0,6000.0
AKLUJ,27/08/2015,3.0,2500.0,6000.0,6000.0
AKLUJ,28/08/2015,2.0,2500.0,5000.0,5000.0
AKLUJ,31/08/2015,2.0,2500.0,5200.0,5200.0
AKOLE,02/08/2015,168.0,1100.0,4200.0,3170.0
AKOLE,06/08/2015,148.0,1000.0,4300.0,3383.0
AKOLE,09/08/2015,137.0,900.0,4225.0,3263.0
AKOLE,13/08/2015,123.0,1000.0,4500.0,3411.0
AKOLE,16/08/2015,56.0,1800.0,5300.0,4202.0
AKOLE,20/08/2015,45.0,1300.0,6311.0,4261.0
AKOLE,23/08/2015,107.0,1000.0,7400.0,5334.0
AKOLE,27/08/2015,45.0,1300.0,6311.0,4261.0
AKOLE,30/08/2015,33.0,1400.0,5700.0,4553.0
AURANGABAD,01/08/2015,8.0,1000.0,3200.0,2200.0
AURANGABAD,02/08/2015,35.0,2000.0,2800.0,2400.0
AURANGABAD,03/08/2015,8.0,2000.0,3000.0,2500.0
AURANGABAD,04/08/2015,3.0,1800.0,2000.0,1900.0
AURANGABAD,05/08/2015,8.0,2000.0,2800.0,2400.0
AURANGABAD,06/08/2015,16.0,1600.0,3600.0,2600.0
AURANGABAD,08/08/2015,9.0,1500.0,3600.0,2550.0
AURANGABAD,09/08/2015,13.0,2000.0,3600.0,2800.0
AURANGABAD,10/08/2015,5.0,2000.0,3600.0,2800.0
AURANGABAD,11/08/2015,6.0,2200.0,3400.0,2800.0
AURANGABAD,12/08/2015,6.0,1800.0,3700.0,2750.0
AURANGABAD,13/08/2015,22.0,2200.0,3700.0,2950.0
AURANGABAD,15/08/2015,6.0,2000.0,3500.0,2750.0
AURANGABAD,16/08/2015,15.0,2200.0,2800.0,2600.0
AURANGABAD,17/08/2015,8.0,2000.0,4100.0,3050.0
AURANGABAD,18/08/2015,11.0,2200.0,4200.0,3200.0
AURANGABAD,19/08/2015,7.0,2300.0,4200.0,3250.0
AURANGABAD,20/08/2015,16.0,1500.0,4500.0,3000.0
AURANGABAD,22/08/2015,4.0,2000.0,5300.0,3650.0
AURANGABAD,23/08/2015,18.0,3200.0,5400.0,4300.0
AURANGABAD,24/08/2015,13.0,3000.0,5600.0,4300.0
AURANGABAD,25/08/2015,19.0,3000.0,5000.0,4000.0
AURANGABAD,26/08/2015,2.0,2500.0,5000.0,3750.0
AURANGABAD,27/08/2015,23.0,2850.0,5000.0,3925.0
AURANGABAD,30/08/2015,9.0,3000.0,5000.0,4000.0
AURANGABAD,31/08/2015,10.0,3200.0,4900.0,4050.0
BARAMATI,01/08/2015,27.0,1550.0,4000.0,3500.0
BARAMATI,03/08/2015,15.0,1500.0,4050.0,3800.0
BARAMATI,05/08/2015,20.0,800.0,4001.0,3700.0
BARAMATI,10/08/2015,19.0,1950.0,4300.0,4000.0
BARAMATI,12/08/2015,19.0,1800.0,4200.0,4000.0
BARAMATI,17/08/2015,27.0,2400.0,4800.0,4300.0
BARAMATI,19/08/2015,15.0,1900.0,5060.0,4700.0
BARAMATI,22/08/2015,6.0,3000.0,7000.0,5500.0
BARAMATI,26/08/2015,15.0,2000.0,6500.0,6000.0
BARAMATI,29/08/2015,7.0,1650.0,6000.0,5300.0
BARAMATI,31/08/2015,5.0,2000.0,6000.0,5800.0
BARSHI,01/08/2015,5.0,1800.0,3550.0,3250.0
BARSHI,03/08/2015,7.0,325.0,3305.0,2000.0
BARSHI,04/08/2015,7.0,325.0,3305.0,2000.0
BARSHI,14/08/2015,90.0,400.0,800.0,600.0
BARSHI,17/08/2015,3.0,1400.0,3800.0,1925.0
BARSHI,22/08/2015,2.0,5000.0,5200.0,5000.0
BHIVANDI,03/08/2015,8.0,1800.0,2200.0,2000.0
BHIVANDI,07/08/2015,7.0,1800.0,2200.0,2000.0
BHIVANDI,10/08/2015,6.0,1800.0,2200.0,2000.0
BHIVANDI,14/08/2015,8.0,1500.0,2000.0,1800.0
BHIVANDI,17/08/2015,10.0,1500.0,1800.0,1600.0
BHIVANDI,21/08/2015,8.0,3000.0,5000.0,4000.0
BHIVANDI,26/08/2015,9.0,2000.0,3000.0,2500.0
BHIVANDI,31/08/2015,11.0,3000.0,4000.0,3500.0
CHANDRAPUR(GANJWAD),08/08/2015,51.0,2500.0,3800.0,3200.0
CHANDRAPUR(GANJWAD),10/08/2015,25.0,2500.0,3800.0,3000.0
CHANDRAPUR(GANJWAD),27/08/2015,18.0,4200.0,5300.0,4700.0
CHANDRAPUR(GANJWAD),28/08/2015,15.0,3800.0,5000.0,4500.0
CHANDRAPUR(GANJWAD),31/08/2015,47.0,3500.0,4500.0,4000.0
CHANDVAD,01/08/2015,35.0,1106.0,3399.0,3100.0
CHANDVAD,04/08/2015,150.0,1000.0,3869.0,3650.0
CHANDVAD,05/08/2015,48.0,1300.0,3861.0,3660.0
CHANDVAD,06/08/2015,66.0,752.0,3685.0,3200.0
CHANDVAD,07/08/2015,54.0,1901.0,3378.0,3175.0
CHANDVAD,08/08/2015,38.0,786.0,3441.0,3150.0
CHANDVAD,11/08/2015,88.0,1300.0,3650.0,3275.0
CHANDVAD,12/08/2015,41.0,1751.0,3940.0,3500.0
CHANDVAD,13/08/2015,70.0,1760.0,4000.0,3550.0
CHANDVAD,19/08/2015,141.0,2008.0,4949.0,4675.0
CHANDVAD,20/08/2015,61.0,2401.0,5501.0,5300.0
CHANDVAD,21/08/2015,57.0,2000.0,5570.0,5300.0
CHANDVAD,22/08/2015,61.0,2525.0,6100.0,5850.0
CHANDVAD,25/08/2015,156.0,1500.0,5500.0,4850.0
CHANDVAD,26/08/2015,60.0,1600.0,5731.0,5200.0
CHANDVAD,27/08/2015,45.0,1202.0,5200.0,5050.0
CHANDVAD,28/08/2015,36.0,1400.0,5353.0,4950.0
DEVALA,03/08/2015,350.0,2000.0,3700.0,3300.0
DEVALA,04/08/2015,173.0,2500.0,4100.0,3700.0
DEVALA,05/08/2015,162.0,2500.0,4050.0,3750.0
DEVALA,06/08/2015,163.0,2000.0,3761.0,3550.0
DEVALA,07/08/2015,148.0,1500.0,3551.0,3300.0
DEVALA,10/08/2015,217.0,1500.0,3491.0,3300.0
DEVALA,11/08/2015,134.0,1600.0,3601.0,3350.0
DEVALA,12/08/2015,127.0,1700.0,3775.0,3550.0
DEVALA,13/08/2015,186.0,2000.0,4053.0,3670.0
DEVALA,19/08/2015,353.0,2500.0,5300.0,4800.0
DEVALA,20/08/2015,330.0,3000.0,5391.0,4900.0
DEVALA,21/08/2015,246.0,3000.0,6075.0,5600.0
DEVALA,24/08/2015,308.0,3000.0,5859.0,5500.0
DEVALA,25/08/2015,336.0,2500.0,5700.0,4900.0
DEVALA,26/08/2015,145.0,2500.0,5490.0,5000.0
DEVALA,27/08/2015,115.0,2200.0,5206.0,4900.0
DEVALA,28/08/2015,100.0,2200.0,5350.0,4700.0
DEVALA,31/08/2015,73.0,2200.0,5000.0,4700.0
DHULE,03/08/2015,252.0,900.0,3650.0,3100.0
DHULE,04/08/2015,127.0,500.0,3650.0,3100.0
DHULE,05/08/2015,91.0,750.0,3605.0,3105.0
DHULE,06/08/2015,60.0,700.0,3500.0,3000.0
DHULE,07/08/2015,1.0,800.0,3500.0,3000.0
DHULE,,,1500.0,3000.0,2860.0
DHULE,10/08/2015,135.0,900.0,3505.0,3000.0
DHULE,11/08/2015,106.0,900.0,3315.0,2800.0
DHULE,12/08/2015,3.0,900.0,3500.0,2980.0
DHULE,13/08/2015,69.0,905.0,3625.0,3150.0
DHULE,14/08/2015,60.0,1000.0,3850.0,3350.0
DHULE,17/08/2015,71.0,900.0,4550.0,4100.0
DHULE,19/08/2015,67.0,1000.0,4600.0,4200.0
DHULE,20/08/2015,66.0,950.0,5100.0,4500.0
DHULE,22/08/2015,36.0,1200.0,5900.0,5100.0
DHULE,24/08/2015,23.0,800.0,5300.0,4660.0
DHULE,25/08/2015,123.0,1500.0,5230.0,4650.0
DHULE,26/08/2015,72.0,1000.0,5500.0,4900.0
DHULE,27/08/2015,44.0,1750.0,5300.0,4800.0
DHULE,28/08/2015,36.0,1300.0,5505.0,4950.0
DHULE,31/08/2015,38.0,1310.0,5000.0,4600.0
DINDORI(VANI),01/08/2015,95.0,2500.0,3600.0,3200.0
DINDORI(VANI),03/08/2015,306.0,3000.0,4021.0,3500.0
DINDORI(VANI),05/08/2015,219.0,3100.0,3982.0,3560.0
DINDORI(VANI),06/08/2015,137.0,3100.0,3892.0,3540.0
DINDORI(VANI),07/08/2015,134.0,3200.0,3700.0,3450.0
DINDORI(VANI),08/08/2015,40.0,3000.0,3482.0,3200.0
DINDORI(VANI),10/08/2015,217.0,2900.0,3679.0,3300.0
DINDORI(VANI),12/08/2015,122.0,3200.0,3916.0,3550.0
DINDORI(VANI),13/08/2015,102.0,3000.0,4300.0,3950.0
DINDORI(VANI),19/08/2015,164.0,4000.0,5176.0,4700.0
DINDORI(VANI),20/08/2015,200.0,4000.0,5500.0,4900.0
DINDORI(VANI),21/08/2015,190.0,4600.0,5841.0,5350.0
DINDORI(VANI),22/08/2015,42.0,4740.0,6251.0,5550.0
DINDORI(VANI),26/08/2015,208.0,4500.0,5800.0,5170.0
DINDORI(VANI),27/08/2015,117.0,4000.0,5559.0,4950.0
DINDORI(VANI),28/08/2015,20.0,4000.0,5170.0,4625.0
DINDORI(VANI),31/08/2015,59.0,4000.0,4940.0,4600.0
GANGAPUR,03/08/2015,12.0,1000.0,4000.0,1550.0
GANGAPUR,04/08/2015,12.0,1000.0,3900.0,1500.0
GANGAPUR,07/08/2015,12.0,1000.0,3300.0,1500.0
GANGAPUR,11/08/2015,9.0,1200.0,3400.0,1800.0
GANGAPUR,14/08/2015,7.0,1500.0,4000.0,2600.0
GANGAPUR,18/08/2015,2.0,1500.0,4900.0,2100.0
GANGAPUR,21/08/2015,3.0,1500.0,5500.0,3000.0
GANGAPUR,25/08/2015,1.0,1600.0,5050.0,4300.0
JALGAON,03/08/2015,10.0,1900.0,3000.0,2400.0
JALGAON,05/08/2015,5.0,2000.0,3200.0,2800.0
JALGAON,06/08/2015,3.0,2000.0,3500.0,2700.0
JALGAON,07/08/2015,5.0,2000.0,3200.0,2600.0
JALGAON,08/08/2015,6.0,2200.0,3200.0,2800.0
JALGAON,10/08/2015,8.0,2000.0,3500.0,2500.0
JALGAON,11/08/2015,7.0,2100.0,3500.0,2800.0
JALGAON,12/08/2015,3.0,2200.0,3200.0,2600.0
JALGAON,13/08/2015,4.0,2100.0,3100.0,2600.0
JALGAON,14/08/2015,4.0,2000.0,3200.0,2700.0
JALGAON,18/08/2015,2.0,1500.0,3500.0,2800.0
JALGAON,19/08/2015,4.0,2200.0,4600.0,2700.0
JALGAON,20/08/2015,4.0,2200.0,4500.0,2800.0
JALGAON,21/08/2015,4.0,2300.0,4500.0,3500.0
JALGAON,22/08/2015,5.0,2500.0,5000.0,3800.0
JALGAON,24/08/2015,27.0,2500.0,6000.0,4000.0
JALGAON,25/08/2015,23.0,2500.0,5500.0,4000.0
JALGAON,26/08/2015,20.0,2500.0,5500.0,4000.0
JALGAON,27/08/2015,3.0,2500.0,5000.0,3700.0
JALGAON,28/08/2015,5.0,2200.0,4500.0,3800.0
JAMKHED,01/08/2015,5.0,1000.0,3800.0,2400.0
JAMKHED,08/08/2015,4.0,1200.0,3600.0,2400.0
JAMKHED,11/08/2015,2.0,1200.0,3700.0,2450.0
JAMKHED,15/08/2015,2.0,1200.0,3700.0,2450.0
JAMKHED,18/08/2015,3.0,2500.0,4300.0,2900.0
JAMKHED,22/08/2015,4.0,1800.0,5600.0,3700.0
JAMKHED,25/08/2015,2.0,2000.0,5000.0,3500.0
JAMKHED,29/08/2015,5.0,1500.0,4500.0,3000.0
JUNNAR,02/08/2015,635.0,2500.0,3800.0,3000.0
JUNNAR,09/08/2015,586.0,1500.0,3800.0,3500.0
JUNNAR,13/08/2015,326.0,2500.0,4500.0,4000.0
JUNNAR,16/08/2015,350.0,2000.0,5100.0,4500.0
JUNNAR,20/08/2015,332.0,3000.0,6000.0,4500.0
JUNNAR,23/08/2015,400.0,4000.0,7000.0,7000.0
JUNNAR,27/08/2015,350.0,3000.0,5500.0,4500.0
JUNNAR,30/08/2015,195.0,2000.0,5500.0,4000.0
KADA,02/08/2015,14.0,800.0,4000.0,2500.0
KADA,09/08/2015,10.0,800.0,4200.0,3500.0
KADA,16/08/2015,5.0,1200.0,5100.0,4500.0
KADA,24/08/2015,6.0,500.0,6250.0,5750.0
KALVAN,03/08/2015,500.0,1000.0,3900.0,3500.0
KALVAN,04/08/2015,410.0,1000.0,4275.0,3700.0
KALVAN,06/08/2015,360.0,1000.0,4100.0,3650.0
KALVAN,07/08/2015,400.0,1000.0,3805.0,3200.0
KALVAN,10/08/2015,545.0,700.0,3800.0,3400.0
KALVAN,11/08/2015,520.0,1000.0,3850.0,3400.0
KALVAN,20/08/2015,830.0,1200.0,5450.0,5000.0
KALVAN,21/08/2015,510.0,1500.0,6005.0,5500.0
KALVAN,22/08/2015,114.0,1201.0,6251.0,5700.0
KALVAN,24/08/2015,927.0,1500.0,6205.0,5100.0
KALVAN,25/08/2015,658.0,1000.0,6105.0,4800.0
KALVAN,26/08/2015,65.0,1000.0,5601.0,4800.0
KALVAN,27/08/2015,380.0,1500.0,6100.0,5500.0
KALVAN,31/08/2015,417.0,1000.0,6100.0,5100.0
KALYAN,01/08/2015,26.0,1800.0,3500.0,2550.0
KALYAN,03/08/2015,51.0,3100.0,3500.0,3300.0
KALYAN,05/08/2015,129.0,3600.0,3900.0,3700.0
KALYAN,06/08/2015,60.0,3500.0,3900.0,3600.0
KAMTHI,02/08/2015,1.0,2000.0,4000.0,3100.0
KAMTHI,04/08/2015,1.0,1000.0,5000.0,3100.0
KAMTHI,05/08/2015,1.0,2000.0,3000.0,2600.0
KAMTHI,07/08/2015,1.0,2000.0,5000.0,3600.0
KAMTHI,10/08/2015,1.0,2000.0,4000.0,3100.0
KAMTHI,11/08/2015,1.0,3000.0,5000.0,4100.0
KAMTHI,17/08/2015,1.0,1000.0,5000.0,3100.0
KAMTHI,20/08/2015,1.0,3000.0,5000.0,4100.0
KAMTHI,21/08/2015,1.0,3000.0,5000.0,4100.0
KAMTHI,22/08/2015,1.0,4000.0,5000.0,4600.0
KAMTHI,23/08/2015,1.0,4000.0,6000.0,5100.0
KAMTHI,25/08/2015,1.0,2000.0,8000.0,5100.0
KAMTHI,26/08/2015,1.0,4000.0,6000.0,5100.0
KAMTHI,29/08/2015,1.0,3000.0,8000.0,5600.0
KAMTHI,31/08/2015,1.0,4000.0,6000.0,5100.0
KANNAD,01/08/2015,12.0,1400.0,4000.0,2500.0
KARAD,03/08/2015,4.0,3000.0,4500.0,4500.0
KARAD,08/08/2015,8.0,3500.0,4000.0,4000.0
KARAD,10/08/2015,10.0,3000.0,4000.0,4000.0
KARAD,24/08/2015,11.0,3000.0,4000.0,4000.0
KOLHAPUR,01/08/2015,259.0,2500.0,4000.0,3500.0
KOLHAPUR,03/08/2015,208.0,2000.0,4100.0,3500.0
KOLHAPUR,04/08/2015,204.0,2500.0,4500.0,3800.0
KOLHAPUR,05/08/2015,153.0,2000.0,4300.0,3800.0
KOLHAPUR,06/08/2015,248.0,2000.0,4200.0,3600.0
KOLHAPUR,07/08/2015,184.0,2500.0,4000.0,3500.0
KOLHAPUR,08/08/2015,129.0,2000.0,4100.0,3600.0
KOLHAPUR,10/08/2015,252.0,2000.0,4100.0,3600.0
KOLHAPUR,11/08/2015,202.0,2000.0,4000.0,3600.0
KOLHAPUR,12/08/2015,153.0,2500.0,4100.0,3600.0
KOLHAPUR,13/08/2015,261.0,2500.0,4100.0,3600.0
KOLHAPUR,14/08/2015,160.0,2000.0,4300.0,3600.0
KOLHAPUR,17/08/2015,263.0,3000.0,5100.0,4500.0
KOLHAPUR,18/08/2015,207.0,2500.0,5100.0,4000.0
KOLHAPUR,19/08/2015,179.0,2500.0,5200.0,4000.0
KOLHAPUR,20/08/2015,130.0,3000.0,5500.0,4800.0
KOLHAPUR,21/08/2015,88.0,2500.0,6250.0,5560.0
KOLHAPUR,22/08/2015,148.0,3000.0,7000.0,5250.0
KOLHAPUR,24/08/2015,174.0,2500.0,6500.0,4500.0
KOLHAPUR,25/08/2015,266.0,2500.0,5800.0,4500.0
KOLHAPUR,26/08/2015,159.0,2500.0,6000.0,4500.0
KOLHAPUR,27/08/2015,177.0,2500.0,6000.0,4500.0
KOLHAPUR,28/08/2015,39.0,2000.0,6000.0,4500.0
KOLHAPUR,29/08/2015,76.0,2500.0,6000.0,4500.0
KOLHAPUR,31/08/2015,169.0,2500.0,6000.0,4500.0
KOPARGAON,01/08/2015,185.0,1200.0,3600.0,3150.0
KOPARGAON,05/08/2015,155.0,1250.0,4200.0,3850.0
KOPARGAON,08/08/2015,120.0,1000.0,3800.0,3250.0
KOPARGAON,12/08/2015,113.0,1150.0,4100.0,3450.0
KOPARGAON,19/08/2015,152.0,1850.0,5300.0,4150.0
KOPARGAON,22/08/2015,106.0,2250.0,7000.0,5825.0
KOPARGAON,26/08/2015,97.0,2000.0,6200.0,5625.0
KOPARGAON,29/08/2015,47.0,2000.0,6000.0,5150.0
KOREGAON,07/08/2015,7.0,2900.0,3800.0,3400.0
KOREGAON,14/08/2015,4.0,3500.0,3800.0,3500.0
KURDWADI,05/08/2015,3.0,1500.0,3880.0,2690.0
KURDWADI,10/08/2015,2.0,1700.0,3651.0,2676.0
KURDWADI(MODNIMB),06/08/2015,1.0,2252.0,3900.0,2925.0
KURDWADI(MODNIMB),10/08/2015,2.0,900.0,3900.0,3591.0
KURDWADI(MODNIMB),13/08/2015,3.0,3101.0,3900.0,3625.0
KURDWADI(MODNIMB),17/08/2015,1.0,2381.0,4000.0,3466.0
KURDWADI(MODNIMB),27/08/2015,2.0,2251.0,5800.0,4000.0
KURDWADI(MODNIMB),31/08/2015,1.0,2500.0,4625.0,3660.0
LASALGAON,01/08/2015,119.0,1700.0,3476.0,3100.0
LASALGAON,03/08/2015,382.0,2000.0,3850.0,3400.0
LASALGAON,04/08/2015,320.0,2500.0,3962.0,3550.0
LASALGAON,05/08/2015,268.0,2100.0,3900.0,3600.0
LASALGAON,06/08/2015,224.0,2100.0,3787.0,3550.0
LASALGAON,07/08/2015,216.0,1500.0,3602.0,3300.0
LASALGAON,08/08/2015,97.0,1500.0,3700.0,3150.0
LASALGAON,10/08/2015,170.0,1700.0,3730.0,3300.0
LASALGAON,11/08/2015,288.0,1900.0,3771.0,3500.0
LASALGAON,12/08/2015,258.0,2100.0,4001.0,3350.0
LASALGAON,,,2100.0,4001.0,3550.0
LASALGAON,13/08/2015,326.0,2100.0,4012.0,3611.0
LASALGAON,17/08/2015,480.0,2500.0,4711.0,4300.0
LASALGAON,19/08/2015,237.0,2500.0,4885.0,4500.0
LASALGAON,20/08/2015,280.0,3100.0,5516.0,5200.0
LASALGAON,21/08/2015,328.0,3100.0,6151.0,5500.0
LASALGAON,22/08/2015,120.0,3100.0,6326.0,5700.0
LASALGAON,25/08/2015,408.0,2500.0,5568.0,4850.0
LASALGAON,26/08/2015,221.0,2500.0,5599.0,4850.0
LASALGAON,27/08/2015,113.0,2500.0,5580.0,4800.0
LASALGAON,28/08/2015,170.0,3090.0,5599.0,4800.0
LASALGAON,31/08/2015,73.0,3100.0,5201.0,4500.0
LASALGAON(NIPHAD),01/08/2015,88.0,1500.0,3300.0,2900.0
LASALGAON(NIPHAD),03/08/2015,99.0,1600.0,3701.0,3300.0
LASALGAON(NIPHAD),04/08/2015,76.0,1400.0,4000.0,3500.0
LASALGAON(NIPHAD),05/08/2015,52.0,1600.0,3802.0,3500.0
LASALGAON(NIPHAD),06/08/2015,55.0,1011.0,3616.0,3351.0
LASALGAON(NIPHAD),08/08/2015,25.0,1500.0,3300.0,3151.0
LASALGAON(NIPHAD),10/08/2015,69.0,1611.0,3501.0,3200.0
LASALGAON(NIPHAD),11/08/2015,37.0,1400.0,3600.0,3300.0
LASALGAON(NIPHAD),12/08/2015,42.0,2111.0,3800.0,3400.0
LASALGAON(NIPHAD),13/08/2015,33.0,1671.0,4004.0,3600.0
LASALGAON(NIPHAD),17/08/2015,66.0,2100.0,4651.0,4300.0
LASALGAON(NIPHAD),19/08/2015,57.0,3100.0,5000.0,4500.0
LASALGAON(NIPHAD),20/08/2015,48.0,3100.0,4980.0,4551.0
LASALGAON(NIPHAD),22/08/2015,33.0,3400.0,6100.0,5600.0
LASALGAON(NIPHAD),25/08/2015,79.0,2500.0,5102.0,4700.0
LASALGAON(NIPHAD),26/08/2015,29.0,2000.0,5400.0,4700.0
LASALGAON(NIPHAD),27/08/2015,30.0,2700.0,5425.0,4801.0
LASALGAON(NIPHAD),31/08/2015,28.0,2551.0,4851.0,4600.0
LASUR STATION,02/08/2015,262.0,700.0,3600.0,2700.0
LASUR STATION,09/08/2015,112.0,1000.0,3800.0,2500.0
LASUR STATION,16/08/2015,52.0,1000.0,4800.0,3500.0
LASUR STATION,23/08/2015,52.0,2000.0,7000.0,5500.0
LASUR STATION,26/08/2015,67.0,1000.0,6000.0,4800.0
LASUR STATION,30/08/2015,20.0,100.0,5000.0,4000.0
LONAND,03/08/2015,1.0,1800.0,2500.0,2500.0
LONAND,06/08/2015,3.0,2000.0,4050.0,3500.0
LONAND,13/08/2015,3.0,2000.0,3800.0,3500.0
LONAND,17/08/2015,13.0,2700.0,4100.0,3600.0
LONAND,20/08/2015,13.0,2700.0,4800.0,4000.0
LONAND,24/08/2015,3.0,4600.0,4600.0,4600.0
LONAND,27/08/2015,3.0,3000.0,5300.0,4500.0
LONAND,,,2500.0,4500.0,4000.0
LONAND,31/08/2015,2.0,3000.0,4200.0,4000.0
MAANACHAR,20/08/2015,116.0,2100.0,6010.0,4050.0
MAANACHAR,23/08/2015,210.0,2510.0,7010.0,4450.0
MAANACHAR,25/08/2015,185.0,2220.0,6010.0,4120.0
MAANACHAR,27/08/2015,67.0,1000.0,5750.0,3020.0
MAANACHAR,30/08/2015,60.0,2000.0,5610.0,3750.0
MALEGAON,03/08/2015,200.0,1500.0,3502.0,3125.0
MALEGAON,04/08/2015,210.0,1525.0,3799.0,3350.0
MALEGAON,05/08/2015,200.0,1414.0,4062.0,3550.0
MALEGAON,06/08/2015,160.0,1530.0,3726.0,3225.0
MALEGAON,07/08/2015,100.0,1402.0,3355.0,3050.0
MALEGAON,11/08/2015,115.0,1100.0,3701.0,3250.0
MALEGAON,12/08/2015,146.0,1510.0,3700.0,3150.0
MALEGAON,13/08/2015,172.0,1050.0,3811.0,3252.0
MALEGAON,17/08/2015,194.0,1700.0,4465.0,3950.0
MALEGAON,19/08/2015,201.0,1790.0,5277.0,4550.0
MALEGAON,20/08/2015,206.0,1710.0,5600.0,4900.0
MALEGAON,21/08/2015,214.0,2000.0,6025.0,5200.0
MALEGAON,24/08/2015,179.0,1900.0,5900.0,5150.0
MALEGAON,25/08/2015,108.0,1800.0,5300.0,4750.0
MALEGAON,26/08/2015,129.0,1400.0,5000.0,4350.0
MALEGAON,27/08/2015,150.0,1500.0,5500.0,4450.0
MALEGAON,28/08/2015,86.0,1300.0,6000.0,4325.0
MALEGAON,31/08/2015,69.0,1102.0,4820.0,4255.0
MALKAPUR,07/08/2015,12.0,2000.0,3500.0,3100.0
MALKAPUR,13/08/2015,19.0,1300.0,3360.0,2650.0
MALKAPUR,14/08/2015,11.0,1725.0,3650.0,2850.0
MALKAPUR,20/08/2015,3.0,2725.0,4375.0,3300.0
MALKAPUR,21/08/2015,3.0,3300.0,4800.0,3600.0
MALKAPUR,27/08/2015,4.0,3450.0,4775.0,3800.0
MALKAPUR,28/08/2015,4.0,3225.0,4700.0,4050.0
MANMAD,01/08/2015,50.0,2000.0,5002.0,4630.0
MANMAD,03/08/2015,174.0,1628.0,3644.0,3250.0
MANMAD,04/08/2015,150.0,1652.0,4051.0,3725.0
MANMAD,05/08/2015,150.0,2000.0,4060.0,3900.0
MANMAD,06/08/2015,77.0,1500.0,4031.0,3400.0
MANMAD,07/08/2015,96.0,1500.0,3698.0,3300.0
MANMAD,10/08/2015,119.0,1726.0,3591.0,3250.0
MANMAD,11/08/2015,84.0,1500.0,3659.0,3300.0
MANMAD,12/08/2015,74.0,1795.0,3776.0,3340.0
MANMAD,13/08/2015,123.0,1800.0,4060.0,3700.0
MANMAD,17/08/2015,132.0,1801.0,4758.0,4300.0
MANMAD,18/08/2015,124.0,2500.0,4900.0,4200.0
MANMAD,19/08/2015,113.0,2000.0,5142.0,4400.0
MANMAD,20/08/2015,107.0,2595.0,5368.0,5110.0
MANMAD,21/08/2015,133.0,2500.0,5900.0,4800.0
MANMAD,25/08/2015,180.0,2000.0,5621.0,5251.0
MANMAD,26/08/2015,106.0,1300.0,5881.0,5271.0
MANMAD,27/08/2015,85.0,2780.0,5500.0,5000.0
MANMAD,28/08/2015,80.0,2600.0,5575.0,4900.0
MANMAD,31/08/2015,53.0,2100.0,5341.0,4851.0
MUMBAI,01/08/2015,830.0,3000.0,3600.0,3300.0
MUMBAI,03/08/2015,900.0,3100.0,3700.0,3600.0
MUMBAI,04/08/2015,887.0,3200.0,3800.0,3700.0
MUMBAI,05/08/2015,807.0,3300.0,3900.0,3800.0
MUMBAI,06/08/2015,860.0,3400.0,3900.0,3850.0
MUMBAI,07/08/2015,1033.0,3300.0,3800.0,3750.0
MUMBAI,08/08/2015,835.0,2900.0,3700.0,3600.0
MUMBAI,10/08/2015,879.0,3300.0,3800.0,3700.0
MUMBAI,11/08/2015,710.0,2900.0,3900.0,3700.0
MUMBAI,12/08/2015,838.0,2600.0,3800.0,3600.0
MUMBAI,13/08/2015,852.0,3500.0,3900.0,3700.0
MUMBAI,17/08/2015,1213.0,3100.0,4500.0,4000.0
MUMBAI,18/08/2015,1014.0,3200.0,4600.0,4200.0
MUMBAI,19/08/2015,668.0,3300.0,4700.0,4300.0
MUMBAI,20/08/2015,469.0,3500.0,4800.0,4400.0
MUMBAI,21/08/2015,662.0,4000.0,5800.0,5500.0
MUMBAI,22/08/2015,926.0,5000.0,6000.0,5900.0
MUMBAI,24/08/2015,1445.0,5100.0,6100.0,6000.0
MUMBAI,25/08/2015,663.0,5000.0,6200.0,6100.0
MUMBAI,26/08/2015,629.0,3900.0,6000.0,4650.0
MUMBAI,27/08/2015,655.0,5000.0,6000.0,5900.0
MUMBAI,28/08/2015,706.0,4500.0,5500.0,5200.0
MUMBAI,29/08/2015,371.0,4700.0,5300.0,5000.0
MUMBAI,31/08/2015,861.0,3500.0,5250.0,4375.0
NAGPUR,01/08/2015,100.0,2000.0,3800.0,3350.0
NAGPUR,,,2100.0,4000.0,3525.0
NAGPUR,02/08/2015,150.0,2000.0,3600.0,3200.0
NAGPUR,03/08/2015,41.0,2000.0,3600.0,3200.0
NAGPUR,04/08/2015,181.0,2000.0,3600.0,3200.0
NAGPUR,05/08/2015,51.0,2000.0,3600.0,3200.0
NAGPUR,06/08/2015,60.0,2000.0,3800.0,3350.0
NAGPUR,08/08/2015,90.0,2000.0,3800.0,3350.0
NAGPUR,09/08/2015,104.0,1000.0,3500.0,2875.0
NAGPUR,10/08/2015,60.0,1000.0,3500.0,2875.0
NAGPUR,11/08/2015,80.0,1100.0,3600.0,2975.0
NAGPUR,12/08/2015,67.0,1100.0,3600.0,2975.0
NAGPUR,13/08/2015,91.0,1100.0,3600.0,2975.0
NAGPUR,16/08/2015,136.0,1100.0,3600.0,2975.0
NAGPUR,17/08/2015,95.0,1100.0,3700.0,3050.0
NAGPUR,18/08/2015,60.0,1100.0,3700.0,3050.0
NAGPUR,19/08/2015,60.0,2500.0,4400.0,3925.0
NAGPUR,20/08/2015,68.0,2500.0,4400.0,3925.0
NAGPUR,22/08/2015,98.0,2500.0,4400.0,3925.0
NAGPUR,23/08/2015,100.0,2500.0,6000.0,5125.0
NAGPUR,24/08/2015,40.0,2500.0,6000.0,5125.0
NAGPUR,25/08/2015,71.0,2500.0,6000.0,5125.0
NAGPUR,26/08/2015,40.0,2500.0,6000.0,5125.0
NAGPUR,27/08/2015,83.0,2500.0,6000.0,5125.0
NAGPUR,29/08/2015,78.0,2500.0,6000.0,5125.0
NAGPUR,30/08/2015,100.0,2500.0,5000.0,4375.0
NAGPUR,31/08/2015,40.0,2500.0,5000.0,4375.0
NEWASA(GHODEGAON),01/08/2015,1689.0,500.0,3700.0,3000.0
NEWASA(GHODEGAON),03/08/2015,980.0,700.0,4200.0,3500.0
NEWASA(GHODEGAON),05/08/2015,995.0,500.0,4000.0,3200.0
NEWASA(GHODEGAON),08/08/2015,858.0,500.0,4100.0,3200.0
NEWASA(GHODEGAON),12/08/2015,1119.0,700.0,4100.0,3500.0
NEWASA(GHODEGAON),15/08/2015,862.0,800.0,4500.0,3500.0
NEWASA(GHODEGAON),17/08/2015,1076.0,1000.0,5100.0,4000.0
NEWASA(GHODEGAON),19/08/2015,843.0,1000.0,5300.0,4100.0
NEWASA(GHODEGAON),22/08/2015,629.0,2000.0,7500.0,5500.0
NEWASA(GHODEGAON),24/08/2015,1338.0,1500.0,6000.0,4000.0
NEWASA(GHODEGAON),26/08/2015,554.0,1500.0,6500.0,5000.0
NEWASA(GHODEGAON),29/08/2015,365.0,1500.0,6000.0,4500.0
NEWASA(GHODEGAON),31/08/2015,340.0,1000.0,5500.0,4000.0
OSMANABAD,02/08/2015,3.0,3300.0,4500.0,3900.0
OSMANABAD,04/08/2015,1.0,3400.0,4000.0,3700.0
PALGHAR,05/08/2015,1.0,3802.0,3802.0,3802.0
PALGHAR,06/08/2015,7.0,3156.0,3156.0,3156.0
PALGHAR,12/08/2015,8.0,3487.0,3487.0,3487.0
PALGHAR,25/08/2015,8.0,3263.0,4300.0,3600.0
PALGHAR,26/08/2015,1.0,4800.0,4800.0,4800.0
PALTHAN,04/08/2015,58.0,1300.0,4001.0,3300.0
PALTHAN,11/08/2015,46.0,1000.0,4000.0,3200.0
PALTHAN,18/08/2015,41.0,1500.0,5700.0,4000.0
PALTHAN,25/08/2015,72.0,1500.0,6500.0,4000.0
PANDHARPUR,01/08/2015,10.0,1200.0,4100.0,3500.0
PANDHARPUR,03/08/2015,6.0,1400.0,4121.0,3000.0
PANDHARPUR,04/08/2015,8.0,1769.0,4200.0,3500.0
PANDHARPUR,05/08/2015,4.0,1360.0,4200.0,3500.0
PANDHARPUR,06/08/2015,7.0,1150.0,4200.0,3600.0
PANDHARPUR,07/08/2015,6.0,1400.0,4251.0,3500.0
PANDHARPUR,10/08/2015,6.0,2300.0,4160.0,3600.0
PANDHARPUR,11/08/2015,8.0,1400.0,4150.0,3500.0
PANDHARPUR,12/08/2015,3.0,1300.0,4050.0,3500.0
PANDHARPUR,13/08/2015,5.0,1600.0,4150.0,3700.0
PANDHARPUR,14/08/2015,2.0,1500.0,4000.0,3500.0
PANDHARPUR,17/08/2015,2.0,1200.0,4460.0,4000.0
PANDHARPUR,19/08/2015,2.0,3500.0,5400.0,4000.0
PANDHARPUR,20/08/2015,5.0,1500.0,5200.0,4000.0
PANDHARPUR,21/08/2015,2.0,3100.0,5300.0,4500.0
PANDHARPUR,24/08/2015,3.0,1610.0,5050.0,4000.0
PANDHARPUR,25/08/2015,5.0,2000.0,5795.0,4500.0
PANDHARPUR,26/08/2015,4.0,1600.0,5510.0,4400.0
PANDHARPUR,27/08/2015,5.0,1400.0,5300.0,4000.0
PANDHARPUR,28/08/2015,7.0,1000.0,5200.0,3600.0
PANDHARPUR,29/08/2015,1.0,1200.0,4800.0,3750.0
PANDHARPUR,31/08/2015,4.0,1900.0,5500.0,3600.0
PARNER,02/08/2015,106.0,2000.0,4000.0,3350.0
PARNER,05/08/2015,128.0,2000.0,4200.0,3500.0
PARNER,07/08/2015,46.0,2000.0,3900.0,3250.0
PARNER,09/08/2015,117.0,2000.0,4100.0,3250.0
PARNER,12/08/2015,86.0,2000.0,4100.0,3550.0
PARNER,14/08/2015,32.0,2500.0,4575.0,3800.0
PARNER,16/08/2015,62.0,3000.0,5100.0,4300.0
PARNER,19/08/2015,80.0,3500.0,5400.0,4650.0
PARNER,21/08/2015,30.0,3000.0,6125.0,4650.0
PARNER,23/08/2015,71.0,3000.0,7000.0,5850.0
PARNER,26/08/2015,40.0,3000.0,5800.0,4800.0
PARNER,28/08/2015,8.0,3000.0,5900.0,4800.0
PARNER,30/08/2015,24.0,3000.0,5600.0,4700.0
PATHARDI,02/08/2015,12.0,500.0,3600.0,2578.0
PATHARDI,04/08/2015,7.0,500.0,3644.0,2566.0
PATHARDI,05/08/2015,4.0,500.0,3650.0,1526.0
PATHARDI,14/08/2015,8.0,500.0,3650.0,2566.0
PATHARDI,21/08/2015,33.0,500.0,4600.0,4300.0
PIMPALGAON,01/08/2015,366.0,1400.0,3730.0,3250.0
PIMPALGAON,03/08/2015,923.0,1500.0,4000.0,3651.0
PIMPALGAON,04/08/2015,748.0,1500.0,4152.0,3451.0
PIMPALGAON,05/08/2015,615.0,1500.0,4016.0,3551.0
PIMPALGAON,06/08/2015,519.0,1800.0,3901.0,3451.0
PIMPALGAON,07/08/2015,447.0,1700.0,3790.0,3301.0
PIMPALGAON,08/08/2015,175.0,1800.0,3700.0,3301.0
PIMPALGAON,10/08/2015,578.0,1600.0,3800.0,3201.0
PIMPALGAON,11/08/2015,443.0,1900.0,3945.0,3301.0
PIMPALGAON,12/08/2015,398.0,1700.0,4004.0,3551.0
PIMPALGAON,13/08/2015,438.0,1700.0,4251.0,3711.0
PIMPALGAON,17/08/2015,799.0,2500.0,4830.0,4450.0
PIMPALGAON,18/08/2015,352.0,2800.0,4900.0,4501.0
PIMPALGAON,19/08/2015,433.0,2500.0,5125.0,4801.0
PIMPALGAON,20/08/2015,488.0,3000.0,5581.0,4951.0
PIMPALGAON,21/08/2015,523.0,3000.0,6025.0,5251.0
PIMPALGAON,22/08/2015,147.0,3000.0,6318.0,5701.0
PIMPALGAON,25/08/2015,1148.0,2000.0,5828.0,5351.0
PIMPALGAON,26/08/2015,498.0,2500.0,5875.0,5251.0
PIMPALGAON,27/08/2015,414.0,2200.0,5776.0,4900.0
PIMPALGAON,28/08/2015,302.0,2500.0,5772.0,4701.0
PIMPALGAON,31/08/2015,166.0,2600.0,5460.0,4701.0
PIMPALGAON BASWANT(SAYKHEDA),01/08/2015,216.0,1500.0,3400.0,2900.0
PIMPALGAON BASWANT(SAYKHEDA),03/08/2015,248.0,2500.0,3975.0,3200.0
PIMPALGAON BASWANT(SAYKHEDA),04/08/2015,234.0,2500.0,4000.0,3350.0
PIMPALGAON BASWANT(SAYKHEDA),05/08/2015,221.0,2500.0,3751.0,3250.0
PIMPALGAON BASWANT(SAYKHEDA),07/08/2015,221.0,1500.0,3650.0,3151.0
PIMPALGAON BASWANT(SAYKHEDA),08/08/2015,156.0,1500.0,3434.0,3000.0
PIMPALGAON BASWANT(SAYKHEDA),10/08/2015,175.0,1700.0,3641.0,3100.0
PIMPALGAON BASWANT(SAYKHEDA),11/08/2015,145.0,1500.0,3752.0,3150.0
PIMPALGAON BASWANT(SAYKHEDA),12/08/2015,183.0,1500.0,3838.0,3250.0
PIMPALGAON BASWANT(SAYKHEDA),17/08/2015,314.0,1800.0,4526.0,4000.0
PIMPALGAON BASWANT(SAYKHEDA),18/08/2015,163.0,2500.0,4740.0,4100.0
PIMPALGAON BASWANT(SAYKHEDA),19/08/2015,157.0,2500.0,5005.0,4400.0
PIMPALGAON BASWANT(SAYKHEDA),21/08/2015,215.0,2500.0,6100.0,5200.0
PIMPALGAON BASWANT(SAYKHEDA),22/08/2015,205.0,2500.0,6151.0,5200.0
PIMPALGAON BASWANT(SAYKHEDA),24/08/2015,177.0,2000.0,5652.0,4700.0
PIMPALGAON BASWANT(SAYKHEDA),25/08/2015,170.0,2500.0,5401.0,4700.0
PIMPALGAON BASWANT(SAYKHEDA),26/08/2015,152.0,2000.0,5481.0,4700.0
PIMPALGAON BASWANT(SAYKHEDA),28/08/2015,96.0,2000.0,5141.0,4261.0
PIMPALGAON BASWANT(SAYKHEDA),31/08/2015,100.0,1800.0,4800.0,3800.0
PUNE,02/08/2015,629.0,1500.0,3800.0,3500.0
PUNE,03/08/2015,581.0,1500.0,4000.0,3700.0
PUNE,04/08/2015,753.0,1800.0,4000.0,4000.0
PUNE,05/08/2015,895.0,1500.0,4000.0,3500.0
PUNE,06/08/2015,520.0,1700.0,4000.0,3700.0
PUNE,07/08/2015,802.0,2000.0,3900.0,3700.0
PUNE,09/08/2015,787.0,1800.0,4000.0,3600.0
PUNE,10/08/2015,630.0,2000.0,3900.0,3700.0
PUNE,11/08/2015,709.0,1500.0,3800.0,3700.0
PUNE,12/08/2015,534.0,1500.0,4000.0,3800.0
PUNE,13/08/2015,640.0,1500.0,4000.0,3900.0
PUNE,14/08/2015,664.0,2000.0,4000.0,3900.0
PUNE,16/08/2015,556.0,2000.0,4500.0,4200.0
PUNE,19/08/2015,444.0,2000.0,4800.0,4600.0
PUNE,20/08/2015,491.0,2500.0,5200.0,4800.0
PUNE,21/08/2015,646.0,3000.0,5800.0,5200.0
PUNE,23/08/2015,948.0,3000.0,6200.0,6000.0
PUNE,24/08/2015,986.0,2000.0,6200.0,5800.0
PUNE,25/08/2015,292.0,1500.0,5500.0,5000.0
PUNE,26/08/2015,256.0,2000.0,5700.0,5300.0
PUNE,27/08/2015,276.0,1000.0,5800.0,5200.0
PUNE,28/08/2015,582.0,2000.0,5800.0,5500.0
PUNE,30/08/2015,501.0,2000.0,5800.0,5300.0
PUNE,31/08/2015,384.0,1500.0,5500.0,5100.0
PUNE(KHADIKI),01/08/2015,4.0,3500.0,3500.0,3500.0
PUNE(KHADIKI),03/08/2015,1.0,2900.0,3200.0,3200.0
PUNE(KHADIKI),04/08/2015,1.0,2200.0,3800.0,3800.0
PUNE(KHADIKI),05/08/2015,1.0,1000.0,4000.0,2500.0
PUNE(KHADIKI),06/08/2015,2.0,2500.0,3800.0,3800.0
PUNE(KHADIKI),07/08/2015,2.0,2000.0,3800.0,3200.0
PUNE(KHADIKI),09/08/2015,3.0,1500.0,3800.0,3000.0
PUNE(KHADIKI),10/08/2015,1.0,3500.0,3500.0,3500.0
PUNE(KHADIKI),12/08/2015,3.0,1000.0,4000.0,3800.0
PUNE(KHADIKI),13/08/2015,2.0,2300.0,3800.0,2300.0
PUNE(KHADIKI),18/08/2015,1.0,,,
PUNE(KHADIKI),19/08/2015,2.0,4000.0,5000.0,5000.0
PUNE(KHADIKI),21/08/2015,2.0,3500.0,5500.0,5500.0
PUNE(KHADIKI),22/08/2015,1.0,3000.0,5500.0,4500.0
PUNE(KHADIKI),24/08/2015,1.0,4000.0,7000.0,7000.0
PUNE(KHADIKI),25/08/2015,1.0,5000.0,6500.0,5500.0
PUNE(KHADIKI),26/08/2015,1.0,2000.0,6300.0,6300.0
PUNE(KHADIKI),27/08/2015,1.0,5000.0,6000.0,6000.0
PUNE(KHADIKI),31/08/2015,1.0,6000.0,6000.0,6000.0
PUNE(PIMPRI),01/08/2015,1.0,1700.0,3800.0,3100.0
PUNE(PIMPRI),03/08/2015,1.0,2500.0,3500.0,3160.0
PUNE(PIMPRI),04/08/2015,1.0,3500.0,3800.0,3700.0
PUNE(PIMPRI),05/08/2015,1.0,3000.0,3900.0,3600.0
PUNE(PIMPRI),06/08/2015,1.0,3000.0,3800.0,3530.0
PUNE(PIMPRI),07/08/2015,1.0,2600.0,3700.0,3330.0
PUNE(PIMPRI),09/08/2015,3.0,2600.0,3800.0,3460.0
PUNE(PIMPRI),10/08/2015,1.0,3500.0,3700.0,3630.0
PUNE(PIMPRI),13/08/2015,2.0,3000.0,3700.0,3460.0
PUNE(PIMPRI),14/08/2015,3.0,3500.0,3700.0,3630.0
PUNE(PIMPRI),19/08/2015,2.0,3000.0,4500.0,4130.0
PUNE(PIMPRI),20/08/2015,1.0,2500.0,5000.0,4160.0
PUNE(PIMPRI),21/08/2015,2.0,3700.0,5200.0,4700.0
PUNE(PIMPRI),26/08/2015,2.0,3500.0,6000.0,5160.0
PUNE(PIMPRI),27/08/2015,1.0,3500.0,6000.0,5160.0
PUNE(PIMPRI),28/08/2015,1.0,5000.0,5000.0,5000.0
PUNE(PIMPRI),31/08/2015,2.0,3000.0,6000.0,5000.0
RAHATA,02/08/2015,227.0,1000.0,4000.0,3150.0
RAHATA,07/08/2015,371.0,1000.0,4000.0,3150.0
RAHATA,09/08/2015,314.0,1000.0,4000.0,3150.0
RAHATA,11/08/2015,658.0,1000.0,4000.0,3150.0
RAHATA,14/08/2015,239.0,1000.0,4000.0,3150.0
RAHATA,16/08/2015,185.0,1500.0,4800.0,3750.0
RAHATA,18/08/2015,310.0,1700.0,5000.0,3800.0
RAHATA,21/08/2015,164.0,2500.0,6500.0,4900.0
RAHATA,23/08/2015,264.0,2500.0,7500.0,5400.0
RAHATA,25/08/2015,259.0,2000.0,6000.0,4400.0
RAHATA,28/08/2015,105.0,2000.0,6200.0,4400.0
RAHATA,30/08/2015,69.0,2000.0,6300.0,4400.0
RAHURI,02/08/2015,242.0,500.0,4000.0,2275.0
RAHURI,04/08/2015,613.0,500.0,4300.0,2410.0
RAHURI,07/08/2015,600.0,600.0,4115.0,2360.0
RAHURI,09/08/2015,303.0,600.0,4120.0,2375.0
RAHURI,11/08/2015,891.0,700.0,4105.0,2450.0
RAHURI,14/08/2015,602.0,1000.0,4500.0,2700.0
RAHURI,16/08/2015,260.0,1000.0,5100.0,3075.0
RAHURI,18/08/2015,1564.0,1000.0,5000.0,1593.0
RAHURI(VAMBORI),01/08/2015,128.0,1000.0,3600.0,2800.0
RAHURI(VAMBORI),03/08/2015,128.0,1000.0,3600.0,2800.0
RAHURI(VAMBORI),06/08/2015,123.0,1000.0,3600.0,2800.0
RAHURI(VAMBORI),08/08/2015,91.0,2000.0,4000.0,3300.0
RAHURI(VAMBORI),13/08/2015,158.0,1000.0,4200.0,3300.0
RAHURI(VAMBORI),17/08/2015,119.0,2000.0,5000.0,4300.0
RAHURI(VAMBORI),20/08/2015,94.0,2000.0,5500.0,4900.0
RAHURI(VAMBORI),22/08/2015,96.0,2000.0,6600.0,5000.0
RAHURI(VAMBORI),24/08/2015,111.0,2000.0,6000.0,4500.0
RAHURI(VAMBORI),27/08/2015,48.0,2000.0,6000.0,4300.0
RAHURI(VAMBORI),29/08/2015,66.0,2000.0,6500.0,5000.0
RAHURI(VAMBORI),31/08/2015,102.0,2000.0,5500.0,4500.0
RAMTEK,02/08/2015,1.0,2800.0,3000.0,2900.0
RAMTEK,06/08/2015,1.0,2800.0,3000.0,2900.0
RAMTEK,09/08/2015,1.0,3000.0,3500.0,3200.0
RAMTEK,16/08/2015,1.0,3000.0,4000.0,3500.0
RAMTEK,18/08/2015,1.0,3000.0,4000.0,3500.0
RAMTEK,20/08/2015,1.0,3000.0,3500.0,3200.0
RAMTEK,23/08/2015,1.0,3500.0,4500.0,4000.0
RAMTEK,27/08/2015,1.0,3000.0,4000.0,3500.0
SANGAMNER,02/08/2015,210.0,1000.0,4151.0,2576.0
SANGAMNER,06/08/2015,144.0,1000.0,4201.0,2601.0
SANGAMNER,09/08/2015,144.0,1000.0,4201.0,2601.0
SANGAMNER,11/08/2015,154.0,1000.0,4051.0,2525.0
SANGAMNER,13/08/2015,87.0,1000.0,4375.0,2688.0
SANGAMNER,16/08/2015,88.0,1500.0,5000.0,3251.0
SANGAMNER,18/08/2015,90.0,1500.0,5200.0,3350.0
SANGAMNER,20/08/2015,74.0,2500.0,6500.0,4500.0
SANGAMNER,23/08/2015,161.0,2500.0,7100.0,4800.0
SANGAMNER,25/08/2015,113.0,2500.0,6400.0,4450.0
SANGAMNER,27/08/2015,42.0,2500.0,6100.0,4300.0
SANGAMNER,30/08/2015,34.0,2500.0,5900.0,4200.0
SANGLI(PHALE, Bhajipura Market),,,1450.0,4000.0
SANGLI(PHALE,05/08/2015,156.0,1700.0,3800.0,2800.0
SANGLI(PHALE,06/08/2015,36.0,1700.0,4000.0,2500.0
SANGLI(PHALE,07/08/2015,47.0,1800.0,4375.0,3000.0
SANGLI(PHALE,10/08/2015,94.0,1800.0,4100.0,3000.0
SANGLI(PHALE,11/08/2015,62.0,1500.0,4000.0,2800.0
SANGLI(PHALE,12/08/2015,66.0,2000.0,4100.0,3200.0
SANGLI(PHALE,13/08/2015,69.0,2100.0,3800.0,3000.0
SANGLI(PHALE,14/08/2015,48.0,2200.0,3900.0,3050.0
SANGLI(PHALE,17/08/2015,75.0,2300.0,5100.0,3700.0
SANGLI(PHALE,18/08/2015,52.0,1900.0,5050.0,3500.0
SANGLI(PHALE,19/08/2015,76.0,2000.0,5000.0,3800.0
SANGLI(PHALE,20/08/2015,25.0,3000.0,5300.0,4200.0
SANGLI(PHALE,21/08/2015,10.0,3000.0,6250.0,4700.0
SANGLI(PHALE,22/08/2015,73.0,1500.0,6100.0,3800.0
SANGLI(PHALE,24/08/2015,73.0,1500.0,6300.0,5200.0
SANGLI(PHALE,25/08/2015,20.0,1500.0,5500.0,4500.0
SANGLI(PHALE,26/08/2015,71.0,1500.0,6000.0,3800.0
SANGLI(PHALE,27/08/2015,61.0,1500.0,4800.0,3500.0
SANGLI(PHALE,28/08/2015,49.0,1500.0,4750.0,4000.0
SANGLI(PHALE,31/08/2015,216.0,,,
SATANA,03/08/2015,712.0,1850.0,3880.0,3050.0
SATANA,04/08/2015,522.0,1850.0,4250.0,3250.0
SATANA,05/08/2015,387.0,1850.0,3960.0,3250.0
SATANA,06/08/2015,297.0,1850.0,3740.0,3150.0
SATANA,07/08/2015,336.0,2050.0,3675.0,3150.0
SATANA,10/08/2015,526.0,2075.0,3750.0,3150.0
SATANA,11/08/2015,369.0,2000.0,3800.0,3150.0
SATANA,12/08/2015,291.0,2050.0,3900.0,3250.0
SATANA,13/08/2015,390.0,2050.0,4200.0,3350.0
SATANA,17/08/2015,737.0,2150.0,4880.0,3750.0
SATANA,19/08/2015,752.0,2350.0,5355.0,4650.0
SATANA,20/08/2015,730.0,2550.0,5710.0,4900.0
SATANA,21/08/2015,685.0,2650.0,6130.0,5450.0
SATANA,25/08/2015,840.0,2450.0,5760.0,4850.0
SATANA,26/08/2015,549.0,2450.0,5635.0,4800.0
SATANA,31/08/2015,277.0,2475.0,5370.0,4750.0
SATARA,02/08/2015,28.0,3200.0,3800.0,3500.0
SATARA,06/08/2015,18.0,3000.0,4200.0,3600.0
SATARA,09/08/2015,24.0,3000.0,4200.0,3600.0
SATARA,13/08/2015,27.0,3000.0,4200.0,3600.0
SATARA,16/08/2015,26.0,4000.0,4600.0,4300.0
SATARA,20/08/2015,25.0,3500.0,5300.0,4400.0
SATARA,23/08/2015,13.0,4000.0,6500.0,5250.0
SATARA,27/08/2015,56.0,,,
SATARA,30/08/2015,28.0,4000.0,5200.0,4600.0
SHIRPUR,01/08/2015,22.0,725.0,3050.0,2850.0
SHIRPUR,05/08/2015,10.0,1450.0,3275.0,2900.0
SHIRPUR,08/08/2015,5.0,1400.0,3450.0,3100.0
SHIRPUR,19/08/2015,2.0,2500.0,4675.0,4411.0
SHIRPUR,,,4200.0,4200.0,4200.0
SHIRPUR,22/08/2015,1.0,2300.0,6025.0,5511.0
SHIRPUR,26/08/2015,6.0,2050.0,5551.0,5000.0
SHIRPUR,29/08/2015,4.0,1700.0,5325.0,5100.0
SHRIRAMPUR,02/08/2015,823.0,1300.0,4000.0,3150.0
SHRIRAMPUR,05/08/2015,673.0,1200.0,4200.0,3250.0
SHRIRAMPUR,12/08/2015,837.0,1200.0,4100.0,3250.0
SHRIRAMPUR,16/08/2015,871.0,1600.0,5300.0,3500.0
SHRIRAMPUR,19/08/2015,713.0,1600.0,5300.0,4450.0
SHRIRAMPUR,23/08/2015,913.0,3000.0,7500.0,5500.0
SHRIRAMPUR,26/08/2015,457.0,2000.0,6000.0,4900.0
SHRIRAMPUR,30/08/2015,284.0,1500.0,6000.0,4700.0
SINNER,03/08/2015,409.0,1000.0,4200.0,3300.0
SINNER,04/08/2015,32.0,1500.0,3861.0,3500.0
SINNER,05/08/2015,270.0,500.0,4111.0,3400.0
SINNER,06/08/2015,60.0,700.0,3672.0,3400.0
SINNER,07/08/2015,250.0,725.0,4011.0,3300.0
SINNER,10/08/2015,281.0,500.0,4051.0,3200.0
SINNER,11/08/2015,17.0,1500.0,3597.0,3300.0
SINNER,12/08/2015,137.0,400.0,4000.0,3200.0
SINNER,13/08/2015,38.0,1000.0,4003.0,3400.0
SINNER,14/08/2015,110.0,1000.0,4500.0,3800.0
SINNER,17/08/2015,175.0,1000.0,5200.0,4300.0
SINNER,18/08/2015,27.0,3000.0,4650.0,4300.0
SINNER,19/08/2015,130.0,1100.0,5200.0,4500.0
SINNER,20/08/2015,30.0,2000.0,5266.0,4600.0
SINNER,21/08/2015,129.0,1000.0,6500.0,5000.0
SINNER,24/08/2015,202.0,1500.0,6100.0,5100.0
SINNER,25/08/2015,17.0,1500.0,5499.0,4900.0
SINNER,26/08/2015,112.0,1500.0,6100.0,5000.0
SINNER,27/08/2015,23.0,1500.0,5701.0,4800.0
SINNER,28/08/2015,85.0,1500.0,6100.0,4800.0
SINNER,31/08/2015,63.0,1000.0,5011.0,4500.0
SOLAPUR,01/08/2015,284.0,925.0,4100.0,2800.0
SOLAPUR,03/08/2015,221.0,800.0,4275.0,2700.0
SOLAPUR,04/08/2015,325.0,1000.0,4400.0,2800.0
SOLAPUR,05/08/2015,264.0,500.0,4310.0,2700.0
SOLAPUR,06/08/2015,207.0,500.0,4200.0,2600.0
SOLAPUR,07/08/2015,301.0,600.0,4200.0,2700.0
SOLAPUR,08/08/2015,470.0,800.0,4200.0,2600.0
SOLAPUR,10/08/2015,386.0,1000.0,4300.0,2700.0
SOLAPUR,11/08/2015,433.0,1025.0,4400.0,3000.0
SOLAPUR,12/08/2015,346.0,600.0,4300.0,2800.0
SOLAPUR,13/08/2015,333.0,1000.0,4370.0,2900.0
SOLAPUR,14/08/2015,281.0,1125.0,4600.0,3300.0
SOLAPUR,17/08/2015,299.0,1100.0,5350.0,4000.0
SOLAPUR,18/08/2015,238.0,1000.0,5200.0,3900.0
SOLAPUR,19/08/2015,197.0,1500.0,5300.0,4000.0
SOLAPUR,20/08/2015,231.0,1450.0,5850.0,4500.0
SOLAPUR,21/08/2015,138.0,1650.0,7400.0,5200.0
SOLAPUR,22/08/2015,521.0,1000.0,6900.0,4800.0
SOLAPUR,24/08/2015,548.0,1050.0,6600.0,4500.0
SOLAPUR,25/08/2015,14.0,1100.0,6000.0,4000.0
SOLAPUR,,,1000.0,5000.0,2800.0
SOLAPUR,26/08/2015,28.0,1000.0,6000.0,3800.0
SOLAPUR,27/08/2015,47.0,800.0,6100.0,3800.0
SOLAPUR,28/08/2015,58.0,1000.0,6125.0,4000.0
SOLAPUR,29/08/2015,45.0,1000.0,5850.0,3500.0
SOLAPUR,31/08/2015,41.0,1000.0,5600.0,3400.0
VAI,03/08/2015,12.0,2500.0,3000.0,2870.0
VAI,25/08/2015,290.0,4000.0,6000.0,5860.0
VAI,31/08/2015,44.0,4000.0,5000.0,4780.0
VAIJPUR,03/08/2015,86.0,1500.0,5100.0,3100.0
VAIJPUR,06/08/2015,82.0,1200.0,4500.0,3500.0
VAIJPUR,10/08/2015,105.0,1000.0,4250.0,3400.0
VAIJPUR,13/08/2015,66.0,1000.0,4250.0,3400.0
VAIJPUR,17/08/2015,52.0,1600.0,6000.0,4800.0
VAIJPUR,20/08/2015,31.0,1000.0,6000.0,4500.0
VASAI,04/08/2015,8.0,1690.0,2800.0,2100.0
VASAI,06/08/2015,10.0,2600.0,4100.0,3400.0
VASAI,07/08/2015,8.0,2200.0,4800.0,3400.0
VASAI,09/08/2015,9.0,2800.0,4600.0,3650.0
VASAI,12/08/2015,8.0,1850.0,4200.0,3400.0
VASAI,16/08/2015,7.0,2600.0,4200.0,3400.0
VASAI,18/08/2015,8.0,2400.0,4200.0,3400.0
VASAI,20/08/2015,8.0,3000.0,4600.0,3800.0
VASAI,21/08/2015,8.0,3000.0,4800.0,3600.0
VASAI,23/08/2015,11.0,2800.0,4800.0,3400.0
VASAI,25/08/2015,8.0,4200.0,6200.0,4800.0
VASAI,26/08/2015,6.0,3600.0,6200.0,4800.0
VASAI,28/08/2015,9.0,3200.0,6000.0,3800.0
VASAI,31/08/2015,7.0,3200.0,6000.0,4200.0
YEOLA,01/08/2015,366.0,1102.0,3570.0,3100.0
YEOLA,03/08/2015,448.0,1500.0,4187.0,3500.0
YEOLA,04/08/2015,82.0,1500.0,4400.0,4000.0
YEOLA,05/08/2015,434.0,1500.0,4126.0,3500.0
YEOLA,06/08/2015,151.0,1892.0,3900.0,3451.0
YEOLA,07/08/2015,351.0,1101.0,3810.0,3350.0
YEOLA,08/08/2015,265.0,1301.0,3901.0,3350.0
YEOLA,10/08/2015,359.0,1401.0,4018.0,3300.0
YEOLA,11/08/2015,68.0,1500.0,3690.0,3300.0
YEOLA,12/08/2015,433.0,1430.0,4016.0,3450.0
YEOLA,13/08/2015,226.0,1500.0,4186.0,3500.0
YEOLA,17/08/2015,729.0,1500.0,5000.0,4500.0
YEOLA,18/08/2015,71.0,1500.0,4900.0,4400.0
YEOLA,20/08/2015,228.0,1700.0,5700.0,4900.0
YEOLA,21/08/2015,386.0,2000.0,6401.0,5700.0
YEOLA,22/08/2015,385.0,2000.0,6500.0,5600.0
YEOLA,25/08/2015,86.0,1500.0,5718.0,5200.0
YEOLA,26/08/2015,326.0,1500.0,5971.0,5300.0
YEOLA,27/08/2015,175.0,1500.0,6161.0,5000.0
YEOLA,28/08/2015,228.0,1301.0,5750.0,4900.0
YEOLA,31/08/2015,279.0,2100.0,5726.0,4450.0
>>>>>>> 6ac9248b3ef33a88bcb4b748e11d3743f40f9979
